{
    "animation": [
        {
            "name": "Root",
            "time": [0.0, 0.1167, 0.25, 0.3833, 0.5167, 0.65, 0.7833],
            "transform": [
                [1.0, 0.0, 0.0, -5e-06, 0.0, 0.0, -1.0, 0.000946, 0.0, 1.0, 0.0, 0.777496, 0.0, 0.0, 0.0, 1.0],
                [1.0, 0.0, 0.0, -5e-06, 0.0, 0.0, -1.0, 0.000946, 0.0, 1.0, 0.0, 0.68579, 0.0, 0.0, 0.0, 1.0],
                [1.0, 0.0, 0.0, -5e-06, 0.0, 0.0, -1.0, 0.000946, 0.0, 1.0, 0.0, 0.717555, 0.0, 0.0, 0.0, 1.0],
                [1.0, 0.0, 0.0, -5e-06, 0.0, 0.0, -1.0, 0.000946, 0.0, 1.0, 0.0, 0.770964, 0.0, 0.0, 0.0, 1.0],
                [1.0, 0.0, 0.0, -5e-06, 0.0, 0.0, -1.0, 0.000946, 0.0, 1.0, 0.0, 0.674429, 0.0, 0.0, 0.0, 1.0],
                [1.0, 0.0, 0.0, -5e-06, 0.0, 0.0, -1.0, 0.000946, 0.0, 1.0, 0.0, 0.749826, 0.0, 0.0, 0.0, 1.0],
                [1.0, 0.0, 0.0, -5e-06, 0.0, 0.0, -1.0, 0.000946, 0.0, 1.0, 0.0, 0.777496, 0.0, 0.0, 0.0, 1.0]
            ]
        },
        {
            "name": "Thigh_R",
            "time": [0.0, 0.1167, 0.25, 0.3833, 0.5167, 0.65, 0.7833],
            "transform": [
                [0.998692, 0.050626, 0.007128, 0.124994, 0.039742, -0.856435, 0.514721, -0.002831, 0.032163, -0.513763, -0.857329, -1.2e-05, 0.0, 0.0, 0.0, 1.0],
                [0.999182, 0.032338, 0.024285, 0.124994, 0.008425, -0.753758, 0.657096, -0.002831, 0.039554, -0.656352, -0.753416, -1.2e-05, 0.0, 0.0, 0.0, 1.0],
                [0.999343, 0.025355, 0.025873, 0.124994, 0.009466, -0.872173, 0.489103, -0.002831, 0.034967, -0.488536, -0.871843, -1.2e-05, 0.0, 0.0, 0.0, 1.0],
                [0.999571, 0.020858, 0.02052, 0.124994, 0.019949, -0.99885, 0.043539, -0.002831, 0.021405, -0.043111, -0.998841, -1.2e-05, 0.0, 0.0, 0.0, 1.0],
                [0.998741, 0.043907, 0.02425, 0.124994, 0.047681, -0.981147, -0.187276, -0.002831, 0.015571, 0.188197, -0.982008, -1.2e-05, 0.0, 0.0, 0.0, 1.0],
                [0.998673, 0.048811, 0.016393, 0.124994, 0.04528, -0.984094, 0.171767, -0.002831, 0.024516, -0.170796, -0.985002, -1.2e-05, 0.0, 0.0, 0.0, 1.0],
                [0.998692, 0.050626, 0.007128, 0.124994, 0.039742, -0.856435, 0.514721, -0.002831, 0.032163, -0.513763, -0.857329, -1.2e-05, 0.0, 0.0, 0.0, 1.0]
            ]
        },
        {
            "name": "Leg_R",
            "time": [0.0, 0.1167, 0.25, 0.3833, 0.5167, 0.65, 0.7833],
            "transform": [
                [0.999848, -0.00655, -0.016176, 0.0, 0.017452, 0.375249, 0.926759, 0.37472, -0.0, -0.926902, 0.375306, 0.0, 0.0, 0.0, 0.0, 1.0],
                [0.999839, -0.01678, -0.006378, 0.0, 0.017452, 0.825348, 0.564355, 0.37472, -0.004206, -0.564377, 0.825506, 0.0, 0.0, 0.0, 0.0, 1.0],
                [0.999781, -0.009892, -0.018445, 0.0, 0.017451, 0.880527, 0.473676, 0.37472, 0.011556, -0.473895, 0.880505, -0.0, 0.0, 0.0, 0.0, 1.0],
                [0.999848, -0.017386, -0.00152, -0.0, 0.017452, 0.996044, 0.087142, 0.37472, -1e-06, -0.087155, 0.996194, 0.0, 0.0, 0.0, 0.0, 1.0],
                [0.999848, -0.011695, -0.012954, -0.0, 0.017452, 0.670011, 0.742146, 0.37472, -1e-06, -0.74226, 0.670112, 0.0, 0.0, 0.0, 0.0, 1.0],
                [0.999847, -0.007991, -0.01557, 0.0, 0.017452, 0.389115, 0.921024, 0.37472, -0.001302, -0.921156, 0.389194, -0.0, 0.0, 0.0, 0.0, 1.0],
                [0.999848, -0.00655, -0.016176, 0.0, 0.017452, 0.375249, 0.926759, 0.37472, -0.0, -0.926902, 0.375306, 0.0, 0.0, 0.0, 0.0, 1.0]
            ]
        },
        {
            "name": "Knee_R",
            "time": [0.0, 0.1167, 0.25, 0.3833, 0.5167, 0.65, 0.7833],
            "transform": [
                [1.0, 0.0, -0.0, 0.0, -0.0, 1e-06, -1.0, 0.445175, -0.0, 1.0, 1e-06, -0.0, 0.0, 0.0, 0.0, 1.0],
                [1.0, 0.0, -0.0, 0.0, -0.0, 1e-06, -1.0, 0.392522, -0.0, 1.0, 1e-06, 0.0, 0.0, 0.0, 0.0, 1.0],
                [1.0, 0.0, -0.0, -0.0, -0.0, 1e-06, -1.0, 0.38301, -0.0, 1.0, 1e-06, 0.0, 0.0, 0.0, 0.0, 1.0],
                [1.0, 0.0, -0.0, -0.0, -0.0, 1e-06, -1.0, 0.37472, -0.0, 1.0, 1e-06, 0.0, 0.0, 0.0, 0.0, 1.0],
                [1.0, 0.0, -0.0, -0.0, -0.0, 1e-06, -1.0, 0.41378, -0.0, 1.0, 1e-06, -0.0, 0.0, 0.0, 0.0, 1.0],
                [1.0, 0.0, -0.0, 0.0, -0.0, 1e-06, -1.0, 0.443825, -0.0, 1.0, 1e-06, -0.0, 0.0, 0.0, 0.0, 1.0],
                [1.0, 0.0, -0.0, 0.0, -0.0, 1e-06, -1.0, 0.445175, -0.0, 1.0, 1e-06, -0.0, 0.0, 0.0, 0.0, 1.0]
            ]
        },
        {
            "name": "Thigh_L",
            "time": [0.0, 0.1167, 0.25, 0.3833, 0.5167, 0.65, 0.7833],
            "transform": [
                [0.999678, -0.01158, 0.022562, -0.125006, -0.014244, -0.992459, 0.12175, -0.002831, 0.020982, -0.122032, -0.992304, -1.2e-05, 0.0, 0.0, 0.0, 1.0],
                [0.998742, -0.047652, 0.015561, -0.125006, -0.04388, -0.981151, -0.188197, -0.002831, 0.024235, 0.187278, -0.982008, -1.2e-05, 0.0, 0.0, 0.0, 1.0],
                [0.99868, -0.046108, 0.022603, -0.125006, -0.047977, -0.994723, 0.09069, -0.002831, 0.018303, -0.091654, -0.995622, -1.2e-05, 0.0, 0.0, 0.0, 1.0],
                [0.998692, -0.039742, 0.032163, -0.125006, -0.050626, -0.856436, 0.513765, -0.002831, 0.007128, -0.514721, -0.857328, -1.2e-05, 0.0, 0.0, 0.0, 1.0],
                [0.999904, -0.008505, 0.010843, -0.125006, -0.013536, -0.753516, 0.65729, -0.002831, 0.00258, -0.657374, -0.75356, -1.2e-05, 0.0, 0.0, 0.0, 1.0],
                [0.999823, -0.008252, 0.016867, -0.125006, -0.013481, -0.940726, 0.338898, -0.002831, 0.013071, -0.339065, -0.940672, -1.2e-05, 0.0, 0.0, 0.0, 1.0],
                [0.999678, -0.01158, 0.022562, -0.125006, -0.014244, -0.992459, 0.12175, -0.002831, 0.020982, -0.122032, -0.992304, -1.2e-05, 0.0, 0.0, 0.0, 1.0]
            ]
        },
        {
            "name": "Leg_L",
            "time": [0.0, 0.1167, 0.25, 0.3833, 0.5167, 0.65, 0.7833],
            "transform": [
                [0.999846, 0.017056, 0.004177, -0.0, -0.017453, 0.991487, 0.129029, 0.37472, -0.001941, -0.129081, 0.991632, -0.0, 0.0, 0.0, 0.0, 1.0],
                [0.999848, 0.012337, 0.012345, 0.0, -0.017453, 0.706779, 0.707219, 0.37472, -1e-06, -0.707327, 0.706887, 0.0, 0.0, 0.0, 0.0, 1.0],
                [0.999844, 0.010983, 0.013828, -0.0, -0.017453, 0.495202, 0.868603, 0.37472, 0.002692, -0.868708, 0.495317, -0.0, 0.0, 0.0, 0.0, 1.0],
                [0.999848, 0.01001, 0.014297, -0.0, -0.017453, 0.573489, 0.819028, 0.37472, -0.0, -0.819152, 0.573576, 0.0, 0.0, 0.0, 0.0, 1.0],
                [0.999839, 0.011452, 0.013825, 0.0, -0.017617, 0.77403, 0.632904, 0.37472, -0.003453, -0.633045, 0.774107, 0.0, 0.0, 0.0, 0.0, 1.0],
                [0.999843, 0.01564, 0.008355, -0.0, -0.017549, 0.940274, 0.339965, 0.37472, -0.002539, -0.340058, 0.940401, -0.0, 0.0, 0.0, 0.0, 1.0],
                [0.999846, 0.017056, 0.004177, -0.0, -0.017453, 0.991487, 0.129029, 0.37472, -0.001941, -0.129082, 0.991632, -0.0, 0.0, 0.0, 0.0, 1.0]
            ]
        },
        {
            "name": "Knee_L",
            "time": [0.0, 0.1167, 0.25, 0.3833, 0.5167, 0.65, 0.7833],
            "transform": [
                [1.0, 0.0, -0.0, -0.0, -0.0, 1e-06, -1.0, 0.37472, -0.0, 1.0, 1e-06, -0.0, 0.0, 0.0, 0.0, 1.0],
                [1.0, 0.0, -0.0, -0.0, -0.0, 1e-06, -1.0, 0.409226, -0.0, 1.0, 1e-06, -0.0, 0.0, 0.0, 0.0, 1.0],
                [1.0, 0.0, -0.0, -0.0, -0.0, 1e-06, -1.0, 0.43319, -0.0, 1.0, 1e-06, -0.0, 0.0, 0.0, 0.0, 1.0],
                [1.0, 0.0, -0.0, -0.0, -0.0, 1e-06, -1.0, 0.424869, -0.0, 1.0, 1e-06, -0.0, 0.0, 0.0, 0.0, 1.0],
                [1.0, 0.0, -0.0, 0.0, -0.0, 1e-06, -1.0, 0.400226, -0.0, 1.0, 1e-06, -0.0, 0.0, 0.0, 0.0, 1.0],
                [1.0, 0.0, -0.0, -0.0, -0.0, 1e-06, -1.0, 0.37472, -0.0, 1.0, 1e-06, -0.0, 0.0, 0.0, 0.0, 1.0],
                [1.0, 0.0, -0.0, -0.0, -0.0, 1e-06, -1.0, 0.37472, -0.0, 1.0, 1e-06, -0.0, 0.0, 0.0, 0.0, 1.0]
            ]
        },
        {
            "name": "Torso",
            "time": [0.0, 0.7833],
            "transform": [
                [1.0, 0.0, 0.0, 0.0, 0.0, 1.0, 0.0, 0.05, 0.0, 0.0, 1.0, 0.0, 0.0, 0.0, 0.0, 1.0],
                [1.0, 0.0, 0.0, 0.0, 0.0, 1.0, 0.0, 0.05, 0.0, 0.0, 1.0, 0.0, 0.0, 0.0, 0.0, 1.0]
            ]
        },
        {
            "name": "Chest",
            "time": [0.0,0.3833, 0.7833],
            "transform": [
                [0.993072, 0.0, 0.117506, 0.0, 0.0, 1.0, 0.0, 0.3, -0.117506, 0.0, 0.993072, 0.0, 0.0, 0.0, 0.0, 1.0],
                [0.995624, 0.0, -0.093446, 0.0, 0.0, 1.0, 0.0, 0.3, 0.093446, 0.0, 0.995624, 0.0, 0.0, 0.0, 0.0, 1.0],
                [0.993072, 0.0, 0.117506, 0.0, 0.0, 1.0, 0.0, 0.3, -0.117506, 0.0, 0.993072, 0.0, 0.0, 0.0, 0.0, 1.0]
            ]
        },
        {
            "name": "Head",
            "time": [0.0, 0.7833],
            "transform": [
                [1.0, 0.0, 0.0, 0.0, 0.0, 1.0, 0.0, 0.4, 0.0, 0.0, 1.0, 0.0, 0.0, 0.0, 0.0, 1.0],
                [1.0, 0.0, 0.0, 0.0, 0.0, 1.0, 0.0, 0.4, 0.0, 0.0, 1.0, 0.0, 0.0, 0.0, 0.0, 1.0]
            ]
        },
        {
            "name": "Shoulder_R",
            "time": [0.0, 0.7833],
            "transform": [
                [0.0, 0.952114, 0.305743, 0.0, 0.0, -0.305743, 0.952114, 0.4, 1.0, 0.0, -0.0, 0.0, 0.0, 0.0, 0.0, 1.0],
                [0.0, 0.952114, 0.305743, 0.0, 0.0, -0.305743, 0.952114, 0.4, 1.0, 0.0, -0.0, 0.0, 0.0, 0.0, 0.0, 1.0]
            ]
        },
        {
            "name": "Arm_R",
            "time": [0.0,0.3833, 0.7833],
            "transform": [
                [-0.145402, 0.353956, -0.92389, -0.0, 0.787119, 0.607143, 0.108728, 0.393861, 0.599418, -0.711402, -0.366885, 0.0, 0.0, 0.0, 0.0, 1.0],
                [-0.008651, -0.001614, -0.999961, -0.0, 0.777792, 0.628474, -0.007743, 0.393861, 0.628462, -0.777829, -0.004181, 0.0, 0.0, 0.0, 0.0, 1.0],
                [-0.145402, 0.353956, -0.92389, -0.0, 0.787119, 0.607143, 0.108728, 0.393861, 0.599418, -0.711402, -0.366885, 0.0, 0.0, 0.0, 0.0, 1.0]
            ]
        },
        {
            "name": "Hand_R",
            "time": [0.0,0.3833, 0.7833],
            "transform": [
                [0.956144, -0.289313, 0.045689, 0.0, 0.291665, 0.954763, -0.057968, 0.3, -0.026851, 0.068751, 0.997272, -0.0, 0.0, 0.0, 0.0, 1.0],
                [0.956999, -0.289506, -0.018412, -0.0, 0.289768, 0.951011, 0.107768, 0.3, -0.01369, -0.108469, 0.994006, -0.0, 0.0, 0.0, 0.0, 1.0],
                [0.956144, -0.289313, 0.045689, 0.0, 0.291665, 0.954763, -0.057968, 0.3, -0.026851, 0.068751, 0.997272, -0.0, 0.0, 0.0, 0.0, 1.0]
            ]
        },
        {
            "name": "Tool_R",
            "time": [0.0,0.3833, 0.7833],
            "transform": [
                [-0.999314, 0.036103, 0.008267, -0.214685, -0.014896, -0.187408, -0.982169, -0.269844, -0.03389, -0.981039, 0.187695, 0.398983, 0.0, 0.0, 0.0, 1.0],
                [-0.998723, 0.050518, 0.000895, -0.219085, -0.020724, -0.393427, -0.919122, -0.20057, -0.046053, -0.917427, 0.393728, 0.343516, 0.0, 0.0, 0.0, 1.0],
                [-0.999314, 0.036103, 0.008267, -0.214685, -0.014896, -0.187408, -0.982169, -0.269844, -0.03389, -0.981039, 0.187695, 0.398983, 0.0, 0.0, 0.0, 1.0]
            ]
        },
        {
            "name": "Elbow_R",
            "time": [0.0, 0.7833],
            "transform": [
                [-1.0, 0.0, -0.0, -0.0, 0.0, -0.0, -1.0, 0.3, -0.0, -1.0, 0.0, 0.0, 0.0, 0.0, 0.0, 1.0],
                [-1.0, 0.0, -0.0, -0.0, 0.0, -0.0, -1.0, 0.3, -0.0, -1.0, 0.0, 0.0, 0.0, 0.0, 0.0, 1.0]
            ]
        },
        {
            "name": "Shoulder_L",
            "time": [0.0, 0.7833],
            "transform": [
                [-0.0, -0.952114, -0.305743, 0.0, 0.0, -0.305743, 0.952114, 0.4, -1.0, -0.0, 0.0, 0.0, 0.0, 0.0, 0.0, 1.0],
                [-0.0, -0.952114, -0.305743, 0.0, 0.0, -0.305743, 0.952114, 0.4, -1.0, -0.0, 0.0, 0.0, 0.0, 0.0, 0.0, 1.0]
            ]
        },
        {
            "name": "Arm_L",
            "time": [0.0, 0.7833],
            "transform": [
                [-0.441173, 0.886646, 0.138659, 0.0, -0.897305, -0.433324, -0.084104, 0.39386, -0.014486, -0.161524, 0.986762, 0.0, 0.0, 0.0, 0.0, 1.0],
                [-0.441173, 0.886646, 0.138659, 0.0, -0.897305, -0.433324, -0.084104, 0.39386, -0.014486, -0.161524, 0.986762, 0.0, 0.0, 0.0, 0.0, 1.0]
            ]
        },
        {
            "name": "Hand_L",
            "time": [0.0, 0.7833],
            "transform": [
                [0.398214, 0.795104, 0.457422, 0.0, 0.305119, 0.355456, -0.88349, 0.3, -0.865059, 0.491387, -0.101054, 0.0, 0.0, 0.0, 0.0, 1.0],
                [0.398214, 0.795104, 0.457422, 0.0, 0.305119, 0.355456, -0.88349, 0.3, -0.865059, 0.491387, -0.101054, 0.0, 0.0, 0.0, 0.0, 1.0]
            ]
        },
        {
            "name": "Tool_L",
            "time": [0.0, 0.7833],
            "transform": [
                [1.0, 1.4e-05, -1.2e-05, -0.0, 1.4e-05, -0.999833, 0.018287, 0.272852, -1.2e-05, -0.018287, -1.000187, 5.3e-05, 0.0, 0.0, 0.0, 1.0],
                [1.0, 1.4e-05, -1.2e-05, -0.0, 1.4e-05, -0.999833, 0.018287, 0.272852, -1.2e-05, -0.018287, -1.000187, 5.3e-05, 0.0, 0.0, 0.0, 1.0]
            ]
        },
        {
            "name": "Elbow_L",
            "time": [0.0, 0.7833],
            "transform": [
                [-1.0, 0.0, -0.0, -0.0, 0.0, -0.0, -1.0, 0.3, -0.0, -1.0, -0.0, -0.0, 0.0, 0.0, 0.0, 1.0],
                [-1.0, 0.0, -0.0, -0.0, 0.0, -0.0, -1.0, 0.3, -0.0, -1.0, -0.0, -0.0, 0.0, 0.0, 0.0, 1.0]
            ]
        }
    ]
}