{
    "animation": [
        {
            "name": "Root",
            "time": [0.0, 2.0, 4.0],
            "transform": [
                [0.944309, 0.0, -0.32906, -5e-06, -0.32906, 0.0, -0.944309, 0.000946, 0.0, 1.0, 0.0, 0.72957, 0.0, 0.0, 0.0, 1.0],
                [0.944309, 0.0, -0.32906, -5e-06, -0.32906, 0.0, -0.944309, 0.000946, 0.0, 1.0, 0.0, 0.72957, 0.0, 0.0, 0.0, 1.0],
                [0.944309, 0.0, -0.32906, -5e-06, -0.32906, 0.0, -0.944309, 0.000946, 0.0, 1.0, 0.0, 0.72957, 0.0, 0.0, 0.0, 1.0]
            ]
        },
        {
            "name": "Thigh_R",
            "time": [0.0, 2.0, 4.0],
            "transform": [
                [0.975823, 0.099713, 0.194492, 0.104721, 0.098752, -0.995004, 0.014654, -0.002831, 0.194981, 0.004908, -0.980795, 0.007053, 0.0, 0.0, 0.0, 1.0],
                [0.975823, 0.099713, 0.194492, 0.104721, 0.098752, -0.995004, 0.014654, -0.002831, 0.194981, 0.004908, -0.980795, 0.007053, 0.0, 0.0, 0.0, 1.0],
                [0.975823, 0.099713, 0.194492, 0.104721, 0.098752, -0.995004, 0.014654, -0.002831, 0.194981, 0.004908, -0.980795, 0.007053, 0.0, 0.0, 0.0, 1.0]
            ]
        },
        {
            "name": "Leg_R",
            "time": [0.0, 2.0, 4.0],
            "transform": [
                [0.999719, -0.023657, -0.001445, 0.0, 0.02313, 0.960496, 0.277332, 0.37472, -0.005173, -0.277288, 0.960773, -0.0, 0.0, 0.0, 0.0, 1.0],
                [0.999719, -0.023657, -0.001445, 0.0, 0.02313, 0.960496, 0.277332, 0.37472, -0.005173, -0.277288, 0.960773, -0.0, 0.0, 0.0, 0.0, 1.0],
                [0.999719, -0.023657, -0.001445, 0.0, 0.02313, 0.960496, 0.277332, 0.37472, -0.005173, -0.277288, 0.960773, -0.0, 0.0, 0.0, 0.0, 1.0]
            ]
        },
        {
            "name": "Knee_R",
            "time": [0.0, 2.0, 4.0],
            "transform": [
                [1.0, 0.0, -0.0, 0.0, -0.0, 1e-06, -1.0, 0.37472, -0.0, 1.0, 1e-06, -0.0, 0.0, 0.0, 0.0, 1.0],
                [1.0, 0.0, -0.0, 0.0, -0.0, 1e-06, -1.0, 0.37472, -0.0, 1.0, 1e-06, -0.0, 0.0, 0.0, 0.0, 1.0],
                [1.0, 0.0, -0.0, 0.0, -0.0, 1e-06, -1.0, 0.37472, -0.0, 1.0, 1e-06, -0.0, 0.0, 0.0, 0.0, 1.0]
            ]
        },
        {
            "name": "Thigh_L",
            "time": [0.0, 2.0, 4.0],
            "transform": [
                [0.934216, -0.329255, -0.13723, -0.111913, -0.274077, -0.908787, 0.314622, 0.011521, -0.228303, -0.256313, -0.939245, 0.037562, 0.0, 0.0, 0.0, 1.0],
                [0.934216, -0.329255, -0.13723, -0.111913, -0.274077, -0.908787, 0.314622, 0.011521, -0.228303, -0.256313, -0.939245, 0.037562, 0.0, 0.0, 0.0, 1.0],
                [0.934216, -0.329255, -0.13723, -0.111913, -0.274077, -0.908787, 0.314622, 0.011521, -0.228303, -0.256313, -0.939245, 0.037562, 0.0, 0.0, 0.0, 1.0]
            ]
        },
        {
            "name": "Leg_L",
            "time": [0.0, 2.0, 4.0],
            "transform": [
                [0.998492, 0.042158, 0.035168, 0.0, -0.051013, 0.949218, 0.310456, 0.37472, -0.020294, -0.311782, 0.949937, 0.0, 0.0, 0.0, 0.0, 1.0],
                [0.998492, 0.042158, 0.035168, 0.0, -0.051013, 0.949218, 0.310456, 0.37472, -0.020294, -0.311782, 0.949937, 0.0, 0.0, 0.0, 0.0, 1.0],
                [0.998492, 0.042158, 0.035168, 0.0, -0.051013, 0.949218, 0.310456, 0.37472, -0.020294, -0.311782, 0.949937, 0.0, 0.0, 0.0, 0.0, 1.0]
            ]
        },
        {
            "name": "Knee_L",
            "time": [0.0, 2.0, 4.0],
            "transform": [
                [1.0, 0.0, -0.0, 0.0, -0.0, 1e-06, -1.0, 0.37472, -0.0, 1.0, 1e-06, 0.0, 0.0, 0.0, 0.0, 1.0],
                [1.0, 0.0, -0.0, 0.0, -0.0, 1e-06, -1.0, 0.37472, -0.0, 1.0, 1e-06, 0.0, 0.0, 0.0, 0.0, 1.0],
                [1.0, 0.0, -0.0, 0.0, -0.0, 1e-06, -1.0, 0.37472, -0.0, 1.0, 1e-06, 0.0, 0.0, 0.0, 0.0, 1.0]
            ]
        },
        {
            "name": "Torso",
            "time": [0.0, 2.0, 4.0],
            "transform": [
                [1.0, 0.0, 0.0, -0.0, 0.0, 1.0, 0.0, 0.05, 0.0, 0.0, 1.0, -0.0, 0.0, 0.0, 0.0, 1.0],
                [1.0, 0.0, 0.0, -0.0, 0.0, 1.0, 0.0, 0.05, 0.0, 0.0, 1.0, -0.0, 0.0, 0.0, 0.0, 1.0],
                [1.0, 0.0, 0.0, -0.0, 0.0, 1.0, 0.0, 0.05, 0.0, 0.0, 1.0, -0.0, 0.0, 0.0, 0.0, 1.0]
            ]
        },
        {
            "name": "Chest",
            "time": [0.0, 2.0, 4.0],
            "transform": [
                [0.917248, 0.047296, 0.395498, -0.0, -0.086777, 0.992803, 0.08253, 0.3, -0.388748, -0.110021, 0.914752, -0.0, 0.0, 0.0, 0.0, 1.0],
                [0.948977, 0.043915, 0.312271, -0.0, -0.035073, 0.99881, -0.033879, 0.3, -0.313388, 0.021198, 0.949389, -0.0, 0.0, 0.0, 0.0, 1.0],
                [0.917248, 0.047296, 0.395498, -0.0, -0.086777, 0.992803, 0.08253, 0.3, -0.388748, -0.110021, 0.914752, -0.0, 0.0, 0.0, 0.0, 1.0]
            ]
        },
        {
            "name": "Head",
            "time": [0.0, 2.0, 4.0],
            "transform": [
                [0.994156, -0.092917, -0.054948, -0.0, 0.091372, 0.995365, -0.029985, 0.4, 0.057479, 0.024789, 0.998039, 0.0, 0.0, 0.0, 0.0, 1.0],
                [0.994157, -0.092917, -0.054948, 0.0, 0.091372, 0.995365, -0.029985, 0.4, 0.057479, 0.024789, 0.998039, -0.0, 0.0, 0.0, 0.0, 1.0],
                [0.994156, -0.092917, -0.054948, -0.0, 0.091372, 0.995365, -0.029985, 0.4, 0.057479, 0.024789, 0.998039, 0.0, 0.0, 0.0, 0.0, 1.0]
            ]
        },
        {
            "name": "Shoulder_R",
            "time": [0.0, 2.0, 4.0],
            "transform": [
                [0.305592, 0.915186, 0.26277, -0.0, 0.030728, -0.285307, 0.957943, 0.4, 0.951666, -0.284666, -0.11531, 0.0, 0.0, 0.0, 0.0, 1.0],
                [0.305592, 0.915186, 0.26277, 0.0, 0.030728, -0.285307, 0.957943, 0.4, 0.951666, -0.284666, -0.11531, -0.0, 0.0, 0.0, 0.0, 1.0],
                [0.305592, 0.915186, 0.26277, -0.0, 0.030728, -0.285307, 0.957943, 0.4, 0.951666, -0.284666, -0.11531, 0.0, 0.0, 0.0, 0.0, 1.0]
            ]
        },
        {
            "name": "Arm_R",
            "time": [0.0, 2.0, 4.0],
            "transform": [
                [-0.429509, -0.894699, 0.122617, 0.0, 0.848195, -0.446284, -0.285298, 0.393861, 0.309978, -0.018535, 0.950563, -0.0, 0.0, 0.0, 0.0, 1.0],
                [-0.42951, -0.894699, 0.122617, -0.0, 0.848195, -0.446284, -0.285298, 0.39386, 0.309978, -0.018535, 0.950563, -0.0, 0.0, 0.0, 0.0, 1.0],
                [-0.429509, -0.894699, 0.122617, 0.0, 0.848195, -0.446284, -0.285298, 0.393861, 0.309978, -0.018535, 0.950563, -0.0, 0.0, 0.0, 0.0, 1.0]
            ]
        },
        {
            "name": "Hand_R",
            "time": [0.0, 2.0, 4.0],
            "transform": [
                [0.834808, -0.550541, 0.000692, -0.0, 0.530735, 0.805108, 0.264807, 0.3, -0.146344, -0.220696, 0.964301, -0.0, 0.0, 0.0, 0.0, 1.0],
                [0.834808, -0.550541, 0.000692, 0.0, 0.530735, 0.805108, 0.264807, 0.3, -0.146344, -0.220696, 0.964301, 0.0, 0.0, 0.0, 0.0, 1.0],
                [0.834808, -0.550541, 0.000692, -0.0, 0.530735, 0.805108, 0.264807, 0.3, -0.146344, -0.220696, 0.964301, -0.0, 0.0, 0.0, 0.0, 1.0]
            ]
        },
        {
            "name": "Tool_R",
            "time": [0.0, 2.0, 4.0],
            "transform": [
                [0.178755, -0.941099, -0.287019, -0.075471, 0.745112, -0.061023, 0.664141, 0.429722, -0.642149, -0.332384, 0.689915, 0.169325, 0.0, 0.0, 0.0, 1.0],
                [0.178755, -0.941099, -0.287019, -0.075471, 0.745112, -0.061023, 0.664141, 0.429722, -0.642149, -0.332384, 0.689915, 0.169325, 0.0, 0.0, 0.0, 1.0],
                [0.178755, -0.941099, -0.287019, -0.075471, 0.745112, -0.061023, 0.664141, 0.429722, -0.642149, -0.332384, 0.689915, 0.169325, 0.0, 0.0, 0.0, 1.0]
            ]
        },
        {
            "name": "Elbow_R",
            "time": [0.0, 2.0, 4.0],
            "transform": [
                [-1.0, 0.0, 0.0, -0.0, -0.0, -0.0, -1.0, 0.3, -0.0, -1.0, 0.0, -0.0, 0.0, 0.0, 0.0, 1.0],
                [-1.0, 0.0, -0.0, 0.0, -0.0, -0.0, -1.0, 0.3, -0.0, -1.0, 0.0, 0.0, 0.0, 0.0, 0.0, 1.0],
                [-1.0, 0.0, 0.0, -0.0, -0.0, -0.0, -1.0, 0.3, -0.0, -1.0, 0.0, -0.0, 0.0, 0.0, 0.0, 1.0]
            ]
        },
        {
            "name": "Shoulder_L",
            "time": [0.0, 2.0, 4.0],
            "transform": [
                [-0.0, -0.952114, -0.305743, -0.0, 0.0, -0.305743, 0.952114, 0.4, -1.0, 0.0, 0.0, 0.0, 0.0, 0.0, 0.0, 1.0],
                [-0.0, -0.952114, -0.305743, 0.0, 0.0, -0.305743, 0.952114, 0.4, -1.0, 0.0, 0.0, -0.0, 0.0, 0.0, 0.0, 1.0],
                [-0.0, -0.952114, -0.305743, -0.0, 0.0, -0.305743, 0.952114, 0.4, -1.0, 0.0, 0.0, 0.0, 0.0, 0.0, 0.0, 1.0]
            ]
        },
        {
            "name": "Arm_L",
            "time": [0.0, 2.0, 4.0],
            "transform": [
                [0.38093, 0.288055, 0.878588, -0.0, -0.88322, 0.394469, 0.253608, 0.39386, -0.273523, -0.872593, 0.404681, 0.0, 0.0, 0.0, 0.0, 1.0],
                [0.38093, 0.288055, 0.878588, 0.0, -0.88322, 0.394469, 0.253608, 0.39386, -0.273523, -0.872593, 0.404681, 0.0, 0.0, 0.0, 0.0, 1.0],
                [0.38093, 0.288055, 0.878588, -0.0, -0.88322, 0.394469, 0.253608, 0.39386, -0.273523, -0.872593, 0.404681, 0.0, 0.0, 0.0, 0.0, 1.0]
            ]
        },
        {
            "name": "Hand_L",
            "time": [0.0, 2.0, 4.0],
            "transform": [
                [0.947158, 0.169812, 0.272133, 0.0, -0.097095, 0.960355, -0.261327, 0.3, -0.30572, 0.221095, 0.926095, 0.0, 0.0, 0.0, 0.0, 1.0],
                [0.947158, 0.169812, 0.272133, 0.0, -0.097095, 0.960355, -0.261327, 0.3, -0.30572, 0.221095, 0.926095, 0.0, 0.0, 0.0, 0.0, 1.0],
                [0.947158, 0.169812, 0.272133, 0.0, -0.097095, 0.960355, -0.261327, 0.3, -0.30572, 0.221095, 0.926095, 0.0, 0.0, 0.0, 0.0, 1.0]
            ]
        },
        {
            "name": "Tool_L",
            "time": [0.0, 2.0, 4.0],
            "transform": [
                [1.0, 1.4e-05, -1.2e-05, 0.0, 1.4e-05, -0.999833, 0.018287, 0.272852, -1.2e-05, -0.018287, -1.000188, 5.3e-05, 0.0, 0.0, 0.0, 1.0],
                [1.0, 1.4e-05, -1.2e-05, 0.0, 1.4e-05, -0.999833, 0.018287, 0.272852, -1.2e-05, -0.018287, -1.000187, 5.3e-05, 0.0, 0.0, 0.0, 1.0],
                [1.0, 1.4e-05, -1.2e-05, 0.0, 1.4e-05, -0.999833, 0.018287, 0.272852, -1.2e-05, -0.018287, -1.000188, 5.3e-05, 0.0, 0.0, 0.0, 1.0]
            ]
        },
        {
            "name": "Elbow_L",
            "time": [0.0, 2.0, 4.0],
            "transform": [
                [-1.0, 0.0, -0.0, 0.0, 0.0, -0.0, -1.0, 0.3, -0.0, -1.0, -0.0, 0.0, 0.0, 0.0, 0.0, 1.0],
                [-1.0, 0.0, -0.0, 0.0, 0.0, -0.0, -1.0, 0.3, -0.0, -1.0, -0.0, 0.0, 0.0, 0.0, 0.0, 1.0],
                [-1.0, 0.0, -0.0, 0.0, 0.0, -0.0, -1.0, 0.3, -0.0, -1.0, -0.0, 0.0, 0.0, 0.0, 0.0, 1.0]
            ]
        }
    ]
}