{
    "animation": [
        {
            "name": "Root",
            "time": [0.0, 0.1667, 0.3333, 0.4167, 0.5, 0.55, 0.5833, 0.8333, 0.9167, 0.9833, 1.0, 1.0167, 1.2667, 1.8, 2.1],
            "transform": [
                [0.397792, 0.0, 0.917476, -5e-06, 0.917476, 0.0, -0.397792, 0.000946, 0.0, 1.0, 0.0, 0.47038, 0.0, 0.0, 0.0, 1.0],
                [0.019307, 0.0, -0.999814, -5e-06, -0.999814, 0.0, -0.019307, 0.000946, 0.0, 1.0, 0.0, 0.471541, 0.0, 0.0, 0.0, 1.0],
                [0.019307, 0.0, -0.999814, -5e-06, -0.999814, 0.0, -0.019307, 0.000946, 0.0, 1.0, 0.0, 0.471541, 0.0, 0.0, 0.0, 1.0],
                [0.926838, 0.0, -0.375461, -5e-06, -0.375461, 0.0, -0.926838, 0.395038, 0.0, 1.0, 0.0, 0.526081, 0.0, 0.0, 0.0, 1.0],
                [-0.002287, 0.0, 0.999997, -5e-06, 0.999997, 0.0, 0.002287, 0.98887, 0.0, 1.0, 0.0, 0.608264, 0.0, 0.0, 0.0, 1.0],
                [-0.002287, 0.0, 0.999997, -5e-06, 0.999997, 0.0, 0.002287, 2.000947, 0.0, 1.0, 0.0, 0.450706, 0.0, 0.0, 0.0, 1.0],
                [-0.002287, 0.0, 0.999997, -5e-06, 0.999997, 0.0, 0.002287, 2.100946, 0.0, 1.0, 0.0, 0.450706, 0.0, 0.0, 0.0, 1.0],
                [0.071805, 0.0, 0.997419, -5e-06, 0.997419, 0.0, -0.071805, 2.100946, 0.0, 1.0, 0.0, 0.450706, 0.0, 0.0, 0.0, 1.0],
                [0.071805, 0.0, 0.997419, -5e-06, 0.997419, 0.0, -0.071805, 2.100946, 0.0, 1.0, 0.0, 0.450706, 0.0, 0.0, 0.0, 1.0],
                [0.071805, 0.0, 0.997419, -5e-06, 0.997419, 0.0, -0.071805, 2.100946, 0.0, 1.0, 0.0, 0.450706, 0.0, 0.0, 0.0, 1.0],
                [0.071805, 0.0, 0.997419, -5e-06, 0.997419, 0.0, -0.071805, 2.100946, 0.0, 1.0, 0.0, 0.450706, 0.0, 0.0, 0.0, 1.0],
                [0.071805, 0.0, 0.997419, -5e-06, 0.997419, 0.0, -0.071805, 2.100946, 0.0, 1.0, 0.0, 0.450706, 0.0, 0.0, 0.0, 1.0],
                [0.071805, 0.0, 0.997419, -5e-06, 0.997419, 0.0, -0.071805, 2.100946, 0.0, 1.0, 0.0, 0.450706, 0.0, 0.0, 0.0, 1.0],
                [0.944309, 0.0, -0.32906, -5e-06, -0.32906, 0.0, -0.944309, 2.100946, 0.0, 1.0, 0.0, 0.72957, 0.0, 0.0, 0.0, 1.0],
                [0.944309, 0.0, -0.32906, -5e-06, -0.32906, 0.0, -0.944309, 2.100946, 0.0, 1.0, 0.0, 0.72957, 0.0, 0.0, 0.0, 1.0]
            ]
        },
        {
            "name": "Thigh_R",
            "time": [0.0, 0.1667, 0.3333, 0.4167, 0.5, 0.55, 0.5833, 0.8333, 0.9167, 0.9833, 1.0, 1.0167, 1.2667, 1.7167, 1.7333, 1.75, 1.7667, 1.7833, 1.8, 1.8167, 1.8333, 1.85, 1.8667, 1.8833, 1.9, 1.9167, 1.9333, 1.95, 1.9667, 1.9833, 2.0, 2.0167, 2.0333, 2.05, 2.0667, 2.0833, 2.1],
            "transform": [
                [0.488877, 0.797288, 0.354021, 0.120565, 0.0678, -0.439322, 0.895767, 0.011382, 0.869714, -0.413917, -0.268831, 0.012024, 0.0, 0.0, 0.0, 1.0],
                [0.74557, 0.666409, 0.004913, 0.082524, 0.66641, -0.745475, -0.012868, 0.036166, -0.004913, 0.012869, -0.999905, -0.000832, 0.0, 0.0, 0.0, 1.0],
                [0.639389, 0.768852, 0.006963, 0.082524, 0.768852, -0.639255, -0.014847, 0.036166, -0.006964, 0.014847, -0.999866, -0.000832, 0.0, 0.0, 0.0, 1.0],
                [0.994162, -0.009999, -0.107431, 0.103759, 0.049883, -0.840304, 0.539815, 0.016668, -0.095672, -0.542023, -0.8349, -0.000422, 0.0, 0.0, 0.0, 1.0],
                [0.041814, 0.774887, 0.630716, 0.124994, 0.069051, -0.631999, 0.771886, -0.002831, 0.996736, 0.011277, -0.079933, -1.2e-05, 0.0, 0.0, 0.0, 1.0],
                [0.131989, 0.904074, 0.406483, 0.124994, 0.072444, -0.417772, 0.905659, -0.002831, 0.9886, -0.09009, -0.120637, -1.2e-05, 0.0, 0.0, 0.0, 1.0],
                [0.071033, 0.9079, 0.413124, 0.124994, 0.072444, -0.417772, 0.905659, -0.002831, 0.99484, -0.034403, -0.095448, -1.2e-05, 0.0, 0.0, 0.0, 1.0],
                [0.137883, 0.903521, 0.405756, 0.124994, 0.072444, -0.417772, 0.905659, -0.002831, 0.987795, -0.09548, -0.123059, -1.2e-05, 0.0, 0.0, 0.0, 1.0],
                [0.137883, 0.903521, 0.405756, 0.124994, 0.072444, -0.417772, 0.905659, -0.002831, 0.987795, -0.09548, -0.123059, -1.2e-05, 0.0, 0.0, 0.0, 1.0],
                [0.137883, 0.903521, 0.405756, 0.124994, 0.072444, -0.417772, 0.905659, -0.002831, 0.987795, -0.09548, -0.123059, -1.2e-05, 0.0, 0.0, 0.0, 1.0],
                [0.137883, 0.903521, 0.405756, 0.124994, 0.072444, -0.417772, 0.905659, -0.002831, 0.987795, -0.09548, -0.123059, -1.2e-05, 0.0, 0.0, 0.0, 1.0],
                [0.137883, 0.903521, 0.405756, 0.124994, 0.072444, -0.417772, 0.905659, -0.002831, 0.987795, -0.09548, -0.123059, -1.2e-05, 0.0, 0.0, 0.0, 1.0],
                [0.137883, 0.903521, 0.405756, 0.124994, 0.072444, -0.417772, 0.905659, -0.002831, 0.987795, -0.09548, -0.123059, -1.2e-05, 0.0, 0.0, 0.0, 1.0],
                [0.982978, 0.132002, 0.12779, 0.124994, 0.078636, -0.930901, 0.356706, -0.002831, 0.166046, -0.340585, -0.925435, -1.2e-05, 0.0, 0.0, 0.0, 1.0],
                [0.982577, 0.130754, 0.13208, 0.124994, 0.079539, -0.938136, 0.337008, -0.002831, 0.167975, -0.32063, -0.932191, -1.2e-05, 0.0, 0.0, 0.0, 1.0],
                [0.982167, 0.129396, 0.136401, 0.124994, 0.080496, -0.94504, 0.31689, -0.002831, 0.169908, -0.300258, -0.938603, -1.2e-05, 0.0, 0.0, 0.0, 1.0],
                [0.981758, 0.127966, 0.140629, 0.124994, 0.08148, -0.95142, 0.296919, -0.002831, 0.171793, -0.280044, -0.944491, -1.2e-05, 0.0, 0.0, 0.0, 1.0],
                [0.981354, 0.126481, 0.144732, 0.124994, 0.082481, -0.957244, 0.277273, -0.002831, 0.173613, -0.260165, -0.949828, -1.2e-05, 0.0, 0.0, 0.0, 1.0],
                [0.980924, 0.124825, 0.149017, 0.124994, 0.083576, -0.962934, 0.256462, -0.002831, 0.175506, -0.239115, -0.954998, -1.2e-05, 0.0, 0.0, 0.0, 1.0],
                [0.980532, 0.123246, 0.152862, 0.124994, 0.084602, -0.967689, 0.237528, -0.002831, 0.177198, -0.219971, -0.959278, -1.2e-05, 0.0, 0.0, 0.0, 1.0],
                [0.980152, 0.121655, 0.156531, 0.124994, 0.085621, -0.971909, 0.219229, -0.002831, 0.178804, -0.201475, -0.963035, -1.2e-05, 0.0, 0.0, 0.0, 1.0],
                [0.979782, 0.12005, 0.160048, 0.124994, 0.086636, -0.975657, 0.201465, -0.002831, 0.180338, -0.183526, -0.966331, -1.2e-05, 0.0, 0.0, 0.0, 1.0],
                [0.979421, 0.118437, 0.163421, 0.124994, 0.087644, -0.978969, 0.184222, -0.002831, 0.181802, -0.166108, -0.969204, -1.2e-05, 0.0, 0.0, 0.0, 1.0],
                [0.979071, 0.11682, 0.166651, 0.124994, 0.088643, -0.981877, 0.16751, -0.002831, 0.183199, -0.149232, -0.971683, -1.2e-05, 0.0, 0.0, 0.0, 1.0],
                [0.978731, 0.115209, 0.16974, 0.124994, 0.089629, -0.984408, 0.151349, -0.002831, 0.18453, -0.132916, -0.973798, -1.2e-05, 0.0, 0.0, 0.0, 1.0],
                [0.978403, 0.11361, 0.172686, 0.124994, 0.090599, -0.98659, 0.13576, -0.002831, 0.185794, -0.117183, -0.975576, -1.2e-05, 0.0, 0.0, 0.0, 1.0],
                [0.978086, 0.11203, 0.175489, 0.124994, 0.09155, -0.98845, 0.120767, -0.002831, 0.186992, -0.102054, -0.977046, -1.2e-05, 0.0, 0.0, 0.0, 1.0],
                [0.977782, 0.110479, 0.178149, 0.124994, 0.092477, -0.990014, 0.106394, -0.002831, 0.188124, -0.087555, -0.978235, -1.2e-05, 0.0, 0.0, 0.0, 1.0],
                [0.977491, 0.108962, 0.180663, 0.124994, 0.093376, -0.991309, 0.092668, -0.002831, 0.189191, -0.073712, -0.97917, -1.2e-05, 0.0, 0.0, 0.0, 1.0],
                [0.977213, 0.10749, 0.183031, 0.124994, 0.094244, -0.99236, 0.079621, -0.002831, 0.190191, -0.060557, -0.979878, -1.2e-05, 0.0, 0.0, 0.0, 1.0],
                [0.97695, 0.106071, 0.185249, 0.124994, 0.095076, -0.993193, 0.067289, -0.002831, 0.191125, -0.048124, -0.980385, -1.2e-05, 0.0, 0.0, 0.0, 1.0],
                [0.976703, 0.104715, 0.187312, 0.124994, 0.095867, -0.993834, 0.055715, -0.002831, 0.191991, -0.03646, -0.980719, -1.2e-05, 0.0, 0.0, 0.0, 1.0],
                [0.976473, 0.103433, 0.189214, 0.124994, 0.096611, -0.994306, 0.044957, -0.002831, 0.192787, -0.025619, -0.980906, -1.2e-05, 0.0, 0.0, 0.0, 1.0],
                [0.976257, 0.102212, 0.190985, 0.124994, 0.097317, -0.994642, 0.034864, -0.002831, 0.193525, -0.01545, -0.980974, -1.2e-05, 0.0, 0.0, 0.0, 1.0],
                [0.976058, 0.101075, 0.192598, 0.124994, 0.097971, -0.99486, 0.025603, -0.002831, 0.194196, -0.006121, -0.980943, -1.2e-05, 0.0, 0.0, 0.0, 1.0],
                [0.975894, 0.100128, 0.19392, 0.124994, 0.098514, -0.994973, 0.017971, -0.002831, 0.194744, 0.001566, -0.980853, -1.2e-05, 0.0, 0.0, 0.0, 1.0],
                [0.975823, 0.099713, 0.194492, 0.124994, 0.098752, -0.995004, 0.014654, -0.002831, 0.194981, 0.004908, -0.980795, -1.2e-05, 0.0, 0.0, 0.0, 1.0]
            ]
        },
        {
            "name": "Leg_R",
            "time": [0.0, 0.1667, 0.3333, 0.4167, 0.5, 0.55, 0.5833, 0.8333, 0.9167, 0.9833, 1.0, 1.0167, 1.2667, 1.7167, 1.7333, 1.75, 1.7667, 1.7833, 1.8, 1.8167, 1.8333, 1.85, 1.8667, 1.8833, 1.9, 1.9167, 1.9333, 1.95, 1.9667, 1.9833, 2.0, 2.0167, 2.0333, 2.05, 2.0667, 2.0833, 2.1],
            "transform": [
                [0.986415, 0.032119, -0.1611, -0.0, 0.108429, 0.609406, 0.785409, 0.37472, 0.123402, -0.792207, 0.597645, 0.0, 0.0, 0.0, 0.0, 1.0],
                [0.968398, 0.249411, 0.000464, -0.0, -0.249411, 0.968391, 0.003661, 0.37472, 0.000463, -0.003661, 0.999993, -0.0, 0.0, 0.0, 0.0, 1.0],
                [0.995149, -0.084185, -0.050899, -0.0, 0.080626, 0.994399, -0.068339, 0.37472, 0.056367, 0.063903, 0.996363, -0.0, 0.0, 0.0, 0.0, 1.0],
                [0.967031, 0.234521, -0.099249, 0.0, 0.137422, -0.152459, 0.978709, 0.37472, 0.214397, -0.960081, -0.17966, -0.0, 0.0, 0.0, 0.0, 1.0],
                [0.972656, -0.018704, 0.231496, 0.0, -0.230774, 0.034366, 0.9724, 0.37472, -0.026143, -0.999234, 0.02911, 0.0, 0.0, 0.0, 0.0, 1.0],
                [0.997505, 0.014314, -0.069132, -0.0, 0.029028, 0.809472, 0.58644, 0.37472, 0.064354, -0.586983, 0.807037, -0.0, 0.0, 0.0, 0.0, 1.0],
                [0.997505, 0.014314, -0.069132, -0.0, 0.029028, 0.809472, 0.58644, 0.37472, 0.064354, -0.586983, 0.807037, -0.0, 0.0, 0.0, 0.0, 1.0],
                [0.997505, 0.014314, -0.069132, 0.0, 0.029028, 0.809473, 0.58644, 0.37472, 0.064354, -0.586984, 0.807037, 0.0, 0.0, 0.0, 0.0, 1.0],
                [0.997505, 0.014314, -0.069132, 0.0, 0.029028, 0.809473, 0.58644, 0.37472, 0.064354, -0.586984, 0.807037, 0.0, 0.0, 0.0, 0.0, 1.0],
                [0.997505, 0.014314, -0.069132, 0.0, 0.029028, 0.809473, 0.58644, 0.37472, 0.064354, -0.586984, 0.807037, 0.0, 0.0, 0.0, 0.0, 1.0],
                [0.997505, 0.014314, -0.069132, 0.0, 0.029028, 0.809473, 0.58644, 0.37472, 0.064354, -0.586984, 0.807037, 0.0, 0.0, 0.0, 0.0, 1.0],
                [0.997505, 0.014314, -0.069132, 0.0, 0.029028, 0.809473, 0.58644, 0.37472, 0.064354, -0.586984, 0.807037, 0.0, 0.0, 0.0, 0.0, 1.0],
                [0.997505, 0.014314, -0.069132, 0.0, 0.029028, 0.809473, 0.58644, 0.37472, 0.064354, -0.586984, 0.807037, 0.0, 0.0, 0.0, 0.0, 1.0],
                [0.999485, -0.010744, -0.03025, -0.0, 0.022203, 0.911951, 0.409698, 0.37472, 0.023185, -0.410158, 0.91172, 0.0, 0.0, 0.0, 0.0, 1.0],
                [0.99953, -0.011757, -0.02832, 0.0, 0.022128, 0.915921, 0.400748, 0.37472, 0.021228, -0.401186, 0.91575, -0.0, 0.0, 0.0, 0.0, 1.0],
                [0.99957, -0.01274, -0.026407, -0.0, 0.022075, 0.919749, 0.391887, 0.37472, 0.019296, -0.392301, 0.919634, -0.0, 0.0, 0.0, 0.0, 1.0],
                [0.999606, -0.013689, -0.024517, -0.0, 0.022043, 0.923427, 0.383142, 0.37472, 0.017394, -0.383531, 0.923364, 0.0, 0.0, 0.0, 0.0, 1.0],
                [0.999637, -0.014604, -0.022655, -0.0, 0.02203, 0.926948, 0.374542, 0.37472, 0.01553, -0.374905, 0.926933, -0.0, 0.0, 0.0, 0.0, 1.0],
                [0.999663, -0.015481, -0.020828, -0.0, 0.022035, 0.930308, 0.366117, 0.37472, 0.013709, -0.366452, 0.930336, -0.0, 0.0, 0.0, 0.0, 1.0],
                [0.999685, -0.01632, -0.019044, -0.0, 0.022057, 0.933501, 0.357894, 0.37472, 0.011937, -0.358202, 0.933568, -0.0, 0.0, 0.0, 0.0, 1.0],
                [0.999704, -0.017119, -0.017308, -0.0, 0.022095, 0.936525, 0.349904, 0.37472, 0.010219, -0.350183, 0.936625, -0.0, 0.0, 0.0, 0.0, 1.0],
                [0.999718, -0.017876, -0.015627, -0.0, 0.022146, 0.939375, 0.342177, 0.37472, 0.008562, -0.342426, 0.939506, -0.0, 0.0, 0.0, 0.0, 1.0],
                [0.999729, -0.018591, -0.014007, 0.0, 0.022208, 0.942049, 0.33474, 0.37472, 0.006972, -0.33496, 0.942207, -0.0, 0.0, 0.0, 0.0, 1.0],
                [0.999737, -0.019262, -0.012456, -0.0, 0.02228, 0.944546, 0.327623, 0.37472, 0.005454, -0.327814, 0.944726, -0.0, 0.0, 0.0, 0.0, 1.0],
                [0.999742, -0.019889, -0.010979, -0.0, 0.02236, 0.946864, 0.320856, 0.37472, 0.004014, -0.321018, 0.947064, -0.0, 0.0, 0.0, 0.0, 1.0],
                [0.999744, -0.02047, -0.009583, -0.0, 0.022445, 0.949003, 0.314467, 0.37472, 0.002657, -0.314602, 0.94922, -0.0, 0.0, 0.0, 0.0, 1.0],
                [0.999745, -0.021005, -0.008276, -0.0, 0.022534, 0.950962, 0.308486, 0.37472, 0.00139, -0.308593, 0.951193, -0.0, 0.0, 0.0, 0.0, 1.0],
                [0.999744, -0.021494, -0.007062, -0.0, 0.022623, 0.952741, 0.302941, 0.37472, 0.000217, -0.303023, 0.952983, -0.0, 0.0, 0.0, 0.0, 1.0],
                [0.999742, -0.021935, -0.00595, -0.0, 0.022712, 0.954339, 0.29786, 0.37472, -0.000855, -0.297919, 0.954591, -0.0, 0.0, 0.0, 0.0, 1.0],
                [0.999739, -0.022328, -0.004945, -0.0, 0.022796, 0.955757, 0.293274, 0.37472, -0.001822, -0.29331, 0.956016, 0.0, 0.0, 0.0, 0.0, 1.0],
                [0.999735, -0.022673, -0.004053, -0.0, 0.022876, 0.956993, 0.289209, 0.37472, -0.002678, -0.289225, 0.957258, 0.0, 0.0, 0.0, 0.0, 1.0],
                [0.999731, -0.022967, -0.003282, -0.0, 0.022947, 0.958046, 0.285693, 0.37472, -0.003417, -0.285692, 0.958316, -0.0, 0.0, 0.0, 0.0, 1.0],
                [0.999727, -0.023211, -0.002637, 0.0, 0.02301, 0.958916, 0.282756, 0.37472, -0.004034, -0.282739, 0.959188, -0.0, 0.0, 0.0, 0.0, 1.0],
                [0.999724, -0.023404, -0.002125, -0.0, 0.02306, 0.959599, 0.280423, 0.37472, -0.004524, -0.280395, 0.959874, -0.0, 0.0, 0.0, 0.0, 1.0],
                [0.999721, -0.023543, -0.001751, 0.0, 0.023098, 0.960094, 0.278724, 0.37472, -0.004881, -0.278687, 0.96037, -0.0, 0.0, 0.0, 0.0, 1.0],
                [0.99972, -0.023628, -0.001523, 0.0, 0.023122, 0.960394, 0.277684, 0.37472, -0.005099, -0.277642, 0.960671, -0.0, 0.0, 0.0, 0.0, 1.0],
                [0.999719, -0.023657, -0.001445, -0.0, 0.02313, 0.960496, 0.277332, 0.37472, -0.005173, -0.277288, 0.960773, -0.0, 0.0, 0.0, 0.0, 1.0]
            ]
        },
        {
            "name": "Knee_R",
            "time": [0.0, 0.1667, 0.3333, 0.4167, 0.5, 0.55, 0.5833, 0.8333, 0.9167, 0.9833, 1.0, 1.0167, 1.2667, 1.7167, 1.7333, 1.75, 1.7667, 1.7833, 1.8, 1.8167, 1.8333, 1.85, 1.8667, 1.8833, 1.9, 1.9167, 1.9333, 1.95, 1.9667, 1.9833, 2.0, 2.0167, 2.0333, 2.05, 2.0667, 2.0833, 2.1],
            "transform": [
                [1.0, 0.0, -0.0, -0.0, -0.0, 1e-06, -1.0, 0.37472, -0.0, 1.0, 1e-06, 0.0, 0.0, 0.0, 0.0, 1.0],
                [1.0, 0.0, -0.0, -0.0, -0.0, 1e-06, -1.0, 0.37472, -0.0, 1.0, 1e-06, -0.0, 0.0, 0.0, 0.0, 1.0],
                [1.0, 0.0, -0.0, -0.0, -0.0, 1e-06, -1.0, 0.37472, -0.0, 1.0, 1e-06, -0.0, 0.0, 0.0, 0.0, 1.0],
                [1.0, 0.0, -0.0, 0.0, -0.0, 1e-06, -1.0, 0.37472, -0.0, 1.0, 1e-06, -0.0, 0.0, 0.0, 0.0, 1.0],
                [1.0, 0.0, -0.0, 0.0, -0.0, 1e-06, -1.0, 0.37472, -0.0, 1.0, 1e-06, 0.0, 0.0, 0.0, 0.0, 1.0],
                [1.0, 0.0, -0.0, -0.0, -0.0, 1e-06, -1.0, 0.37472, -0.0, 1.0, 1e-06, -0.0, 0.0, 0.0, 0.0, 1.0],
                [1.0, 0.0, -0.0, -0.0, -0.0, 1e-06, -1.0, 0.37472, -0.0, 1.0, 1e-06, -0.0, 0.0, 0.0, 0.0, 1.0],
                [1.0, 0.0, -0.0, 0.0, -0.0, 1e-06, -1.0, 0.37472, -0.0, 1.0, 1e-06, 0.0, 0.0, 0.0, 0.0, 1.0],
                [1.0, 0.0, -0.0, 0.0, -0.0, 1e-06, -1.0, 0.37472, -0.0, 1.0, 1e-06, 0.0, 0.0, 0.0, 0.0, 1.0],
                [1.0, 0.0, -0.0, 0.0, -0.0, 1e-06, -1.0, 0.37472, -0.0, 1.0, 1e-06, 0.0, 0.0, 0.0, 0.0, 1.0],
                [1.0, 0.0, -0.0, 0.0, -0.0, 1e-06, -1.0, 0.37472, -0.0, 1.0, 1e-06, 0.0, 0.0, 0.0, 0.0, 1.0],
                [1.0, 0.0, -0.0, 0.0, -0.0, 1e-06, -1.0, 0.37472, -0.0, 1.0, 1e-06, 0.0, 0.0, 0.0, 0.0, 1.0],
                [1.0, 0.0, -0.0, 0.0, -0.0, 1e-06, -1.0, 0.37472, -0.0, 1.0, 1e-06, 0.0, 0.0, 0.0, 0.0, 1.0],
                [1.0, 0.0, -0.0, -0.0, -0.0, 1e-06, -1.0, 0.37472, -0.0, 1.0, 1e-06, 0.0, 0.0, 0.0, 0.0, 1.0],
                [1.0, 0.0, -0.0, 0.0, -0.0, 1e-06, -1.0, 0.37472, -0.0, 1.0, 1e-06, -0.0, 0.0, 0.0, 0.0, 1.0],
                [1.0, 0.0, -0.0, -0.0, -0.0, 1e-06, -1.0, 0.37472, -0.0, 1.0, 1e-06, -0.0, 0.0, 0.0, 0.0, 1.0],
                [1.0, 0.0, -0.0, -0.0, -0.0, 1e-06, -1.0, 0.37472, -0.0, 1.0, 1e-06, 0.0, 0.0, 0.0, 0.0, 1.0],
                [1.0, 0.0, -0.0, -0.0, -0.0, 1e-06, -1.0, 0.37472, -0.0, 1.0, 1e-06, -0.0, 0.0, 0.0, 0.0, 1.0],
                [1.0, 0.0, -0.0, -0.0, -0.0, 1e-06, -1.0, 0.37472, -0.0, 1.0, 1e-06, -0.0, 0.0, 0.0, 0.0, 1.0],
                [1.0, 0.0, -0.0, -0.0, -0.0, 1e-06, -1.0, 0.37472, -0.0, 1.0, 1e-06, -0.0, 0.0, 0.0, 0.0, 1.0],
                [1.0, 0.0, -0.0, -0.0, -0.0, 1e-06, -1.0, 0.37472, -0.0, 1.0, 1e-06, -0.0, 0.0, 0.0, 0.0, 1.0],
                [1.0, 0.0, -0.0, -0.0, -0.0, 1e-06, -1.0, 0.37472, -0.0, 1.0, 1e-06, -0.0, 0.0, 0.0, 0.0, 1.0],
                [1.0, 0.0, -0.0, 0.0, -0.0, 1e-06, -1.0, 0.37472, -0.0, 1.0, 1e-06, -0.0, 0.0, 0.0, 0.0, 1.0],
                [1.0, 0.0, -0.0, -0.0, -0.0, 1e-06, -1.0, 0.37472, -0.0, 1.0, 1e-06, -0.0, 0.0, 0.0, 0.0, 1.0],
                [1.0, 0.0, -0.0, -0.0, -0.0, 1e-06, -1.0, 0.37472, -0.0, 1.0, 1e-06, -0.0, 0.0, 0.0, 0.0, 1.0],
                [1.0, 0.0, -0.0, -0.0, -0.0, 1e-06, -1.0, 0.37472, -0.0, 1.0, 1e-06, -0.0, 0.0, 0.0, 0.0, 1.0],
                [1.0, 0.0, -0.0, -0.0, -0.0, 1e-06, -1.0, 0.37472, 0.0, 1.0, 1e-06, -0.0, 0.0, 0.0, 0.0, 1.0],
                [1.0, 0.0, -0.0, -0.0, -0.0, 1e-06, -1.0, 0.37472, -0.0, 1.0, 1e-06, -0.0, 0.0, 0.0, 0.0, 1.0],
                [1.0, 0.0, -0.0, -0.0, -0.0, 1e-06, -1.0, 0.37472, -0.0, 1.0, 1e-06, -0.0, 0.0, 0.0, 0.0, 1.0],
                [1.0, 0.0, -0.0, -0.0, -0.0, 1e-06, -1.0, 0.37472, -0.0, 1.0, 1e-06, 0.0, 0.0, 0.0, 0.0, 1.0],
                [1.0, 0.0, -0.0, -0.0, -0.0, 1e-06, -1.0, 0.37472, -0.0, 1.0, 1e-06, 0.0, 0.0, 0.0, 0.0, 1.0],
                [1.0, -0.0, -0.0, -0.0, -0.0, 1e-06, -1.0, 0.37472, -0.0, 1.0, 1e-06, -0.0, 0.0, 0.0, 0.0, 1.0],
                [1.0, 0.0, -0.0, 0.0, -0.0, 1e-06, -1.0, 0.37472, -0.0, 1.0, 1e-06, -0.0, 0.0, 0.0, 0.0, 1.0],
                [1.0, 0.0, -0.0, -0.0, -0.0, 1e-06, -1.0, 0.37472, -0.0, 1.0, 1e-06, -0.0, 0.0, 0.0, 0.0, 1.0],
                [1.0, 0.0, -0.0, 0.0, -0.0, 1e-06, -1.0, 0.37472, -0.0, 1.0, 1e-06, -0.0, 0.0, 0.0, 0.0, 1.0],
                [1.0, 0.0, -0.0, 0.0, -0.0, 1e-06, -1.0, 0.37472, -0.0, 1.0, 1e-06, -0.0, 0.0, 0.0, 0.0, 1.0],
                [1.0, 0.0, -0.0, -0.0, -0.0, 1e-06, -1.0, 0.37472, -0.0, 1.0, 1e-06, -0.0, 0.0, 0.0, 0.0, 1.0]
            ]
        },
        {
            "name": "Thigh_L",
            "time": [0.0, 0.1667, 0.3333, 0.4167, 0.5, 0.55, 0.5833, 0.8333, 0.9167, 0.9833, 1.0, 1.0167, 1.2667, 1.7167, 1.7333, 1.75, 1.7667, 1.7833, 1.8, 1.8167, 1.8333, 1.85, 1.8667, 1.8833, 1.9, 1.9167, 1.9333, 2.1],
            "transform": [
                [0.811828, -0.579596, -0.070739, -0.091077, -0.581892, -0.79305, -0.180204, 0.026415, 0.048346, 0.187457, -0.981082, 0.006947, 0.0, 0.0, 0.0, 1.0],
                [-0.124157, -0.937267, -0.325755, -0.125006, 0.035773, -0.33231, 0.942491, -0.002831, -0.991618, 0.105364, 0.074787, -1.2e-05, 0.0, 0.0, 0.0, 1.0],
                [-0.124157, -0.937267, -0.325755, -0.125006, 0.035773, -0.33231, 0.942491, -0.002831, -0.991618, 0.105364, 0.074787, -1.2e-05, 0.0, 0.0, 0.0, 1.0],
                [0.954692, -0.268684, -0.127951, -0.125006, -0.129429, -0.762034, 0.63447, -0.002831, -0.267975, -0.589162, -0.762284, -1.2e-05, 0.0, 0.0, 0.0, 1.0],
                [0.847494, -0.530359, -0.02175, -0.125006, -0.530245, -0.84777, 0.011184, -0.002831, -0.02437, 0.002055, -0.999701, -1.2e-05, 0.0, 0.0, 0.0, 1.0],
                [0.80058, -0.598867, -0.020739, -0.125006, -0.598726, -0.800846, 0.013139, -0.002831, -0.024477, 0.001898, -0.999698, -1.2e-05, 0.0, 0.0, 0.0, 1.0],
                [0.667833, -0.742766, 0.047931, -0.125006, -0.737096, -0.668932, -0.096021, -0.002831, 0.103384, 0.028797, -0.994224, -1.2e-05, 0.0, 0.0, 0.0, 1.0],
                [0.690747, -0.722588, 0.027127, -0.125006, -0.712636, -0.686634, -0.143816, -0.002831, 0.122547, 0.080009, -0.989232, -1.2e-05, 0.0, 0.0, 0.0, 1.0],
                [0.690747, -0.722588, 0.027127, -0.125006, -0.712636, -0.686634, -0.143816, -0.002831, 0.122547, 0.080009, -0.989232, -1.2e-05, 0.0, 0.0, 0.0, 1.0],
                [0.690747, -0.722588, 0.027127, -0.125006, -0.712636, -0.686634, -0.143816, -0.002831, 0.122547, 0.080009, -0.989232, -1.2e-05, 0.0, 0.0, 0.0, 1.0],
                [0.690747, -0.722588, 0.027127, -0.125006, -0.712636, -0.686634, -0.143816, -0.002831, 0.122547, 0.080009, -0.989232, -1.2e-05, 0.0, 0.0, 0.0, 1.0],
                [0.690747, -0.722588, 0.027127, -0.125006, -0.712636, -0.686634, -0.143816, -0.002831, 0.122547, 0.080009, -0.989232, -1.2e-05, 0.0, 0.0, 0.0, 1.0],
                [0.690747, -0.722588, 0.027127, -0.125006, -0.712636, -0.686634, -0.143816, -0.002831, 0.122547, 0.080009, -0.989232, -1.2e-05, 0.0, 0.0, 0.0, 1.0],
                [0.99748, -0.070014, -0.01146, -0.125006, -0.070014, -0.945358, -0.318427, -0.002831, 0.01146, 0.318427, -0.947878, -1.2e-05, 0.0, 0.0, 0.0, 1.0],
                [0.997352, -0.071883, -0.011053, -0.125006, -0.071882, -0.951219, -0.300025, -0.002831, 0.011053, 0.300025, -0.953867, -1.2e-05, 0.0, 0.0, 0.0, 1.0],
                [0.997219, -0.073768, -0.010603, -0.125006, -0.073768, -0.956795, -0.28125, -0.002831, 0.010603, 0.28125, -0.959576, -1.2e-05, 0.0, 0.0, 0.0, 1.0],
                [0.997085, -0.075618, -0.010123, -0.125006, -0.075618, -0.961929, -0.26263, -0.002831, 0.010123, 0.262631, -0.964843, -1.2e-05, 0.0, 0.0, 0.0, 1.0],
                [0.996952, -0.077418, -0.009618, -0.125006, -0.077418, -0.966597, -0.244328, -0.002831, 0.009618, 0.244328, -0.969645, -1.2e-05, 0.0, 0.0, 0.0, 1.0],
                [0.996809, -0.079304, -0.00905, -0.125006, -0.079303, -0.971137, -0.224953, -0.002831, 0.00905, 0.224954, -0.974327, -1.2e-05, 0.0, 0.0, 0.0, 1.0],
                [0.996678, -0.081, -0.008504, -0.125006, -0.081, -0.974911, -0.207335, -0.002831, 0.008504, 0.207335, -0.978233, -1.2e-05, 0.0, 0.0, 0.0, 1.0],
                [0.996549, -0.082623, -0.007949, -0.125006, -0.082623, -0.97824, -0.190315, -0.002831, 0.007949, 0.190316, -0.981691, -1.2e-05, 0.0, 0.0, 0.0, 1.0],
                [0.996423, -0.084184, -0.007385, -0.125006, -0.084184, -0.981176, -0.173797, -0.002831, 0.007385, 0.173798, -0.984754, -1.2e-05, 0.0, 0.0, 0.0, 1.0],
                [0.996299, -0.085685, -0.006814, -0.125006, -0.085684, -0.983752, -0.157766, -0.002831, 0.006814, 0.157767, -0.987453, -1.2e-05, 0.0, 0.0, 0.0, 1.0],
                [0.996178, -0.087126, -0.00624, -0.125006, -0.087126, -0.985991, -0.142231, -0.002831, 0.00624, 0.142231, -0.989814, -1.2e-05, 0.0, 0.0, 0.0, 1.0],
                [0.996059, -0.088509, -0.005664, -0.125006, -0.088508, -0.987919, -0.127207, -0.002831, 0.005664, 0.127208, -0.99186, -1.2e-05, 0.0, 0.0, 0.0, 1.0],
                [0.995944, -0.089831, -0.005089, -0.125006, -0.089831, -0.989558, -0.112715, -0.002831, 0.005089, 0.112716, -0.993614, -1.2e-05, 0.0, 0.0, 0.0, 1.0],
                [0.995832, -0.091093, -0.004519, -0.125006, -0.091092, -0.990932, -0.098775, -0.002831, 0.004519, 0.098775, -0.995099, -1.2e-05, 0.0, 0.0, 0.0, 1.0],
                [0.934229, -0.329202, -0.137268, -0.125006, -0.273888, -0.908664, 0.315144, -0.002831, -0.228477, -0.25682, -0.939064, -1.2e-05, 0.0, 0.0, 0.0, 1.0]
            ]
        },
        {
            "name": "Leg_L",
            "time": [0.0, 0.1667, 0.3333, 0.4167, 0.5, 0.55, 0.5833, 0.8333, 0.9167, 0.9833, 1.0, 1.0167, 1.2667, 1.7167, 1.7333, 1.75, 1.7667, 1.7833, 1.8, 1.8167, 1.8333, 1.85, 1.8667, 1.8833, 1.9, 1.9167, 1.9333, 1.95, 1.9667, 1.9833, 2.0, 2.0167, 2.0333, 2.05, 2.0667, 2.0833, 2.1],
            "transform": [
                [0.98075, -0.171497, 0.093369, -0.0, 0.169267, 0.985071, 0.031365, 0.37472, -0.097354, -0.014957, 0.995137, 0.0, 0.0, 0.0, 0.0, 1.0],
                [0.997822, 0.030723, -0.058365, 0.0, 0.003805, 0.856602, 0.515963, 0.37472, 0.065848, -0.515062, 0.85462, 0.0, 0.0, 0.0, 0.0, 1.0],
                [0.997822, 0.030723, -0.058365, 0.0, 0.003805, 0.856602, 0.515963, 0.37472, 0.065848, -0.515062, 0.85462, 0.0, 0.0, 0.0, 0.0, 1.0],
                [0.996993, 0.054424, 0.055156, 0.0, -0.075795, 0.537071, 0.840125, 0.37472, 0.0161, -0.841779, 0.539582, 0.0, 0.0, 0.0, 0.0, 1.0],
                [0.999858, 0.009058, -0.014183, 0.0, -0.009034, 0.999958, 0.00176, 0.37472, 0.014198, -0.001632, 0.999898, 0.0, 0.0, 0.0, 0.0, 1.0],
                [0.904277, -0.426767, -0.012339, 0.0, 0.42656, 0.904311, -0.016354, 0.37472, 0.018137, 0.009526, 0.99979, -0.0, 0.0, 0.0, 0.0, 1.0],
                [0.897189, 0.11591, 0.426165, -0.0, -0.126309, 0.991983, -0.003891, 0.37472, -0.423199, -0.050337, 0.904637, -0.0, 0.0, 0.0, 0.0, 1.0],
                [0.912235, 0.114865, 0.393235, -0.0, -0.111001, 0.993284, -0.032638, 0.37472, -0.394343, -0.013876, 0.918859, -0.0, 0.0, 0.0, 0.0, 1.0],
                [0.912235, 0.114865, 0.393235, -0.0, -0.111001, 0.993284, -0.032638, 0.37472, -0.394343, -0.013876, 0.918859, -0.0, 0.0, 0.0, 0.0, 1.0],
                [0.912235, 0.114865, 0.393235, -0.0, -0.111001, 0.993284, -0.032638, 0.37472, -0.394343, -0.013876, 0.918859, -0.0, 0.0, 0.0, 0.0, 1.0],
                [0.912235, 0.114865, 0.393235, -0.0, -0.111001, 0.993284, -0.032638, 0.37472, -0.394343, -0.013876, 0.918859, -0.0, 0.0, 0.0, 0.0, 1.0],
                [0.912235, 0.114865, 0.393235, -0.0, -0.111001, 0.993284, -0.032638, 0.37472, -0.394343, -0.013876, 0.918859, -0.0, 0.0, 0.0, 0.0, 1.0],
                [0.912235, 0.114865, 0.393235, -0.0, -0.111001, 0.993284, -0.032638, 0.37472, -0.394343, -0.013876, 0.918859, -0.0, 0.0, 0.0, 0.0, 1.0],
                [0.999518, 0.025966, 0.016999, 0.0, -0.027322, 0.996, 0.085077, 0.37472, -0.014722, -0.085501, 0.996229, 0.0, 0.0, 0.0, 0.0, 1.0],
                [0.999466, 0.027194, 0.018114, -0.0, -0.028887, 0.994478, 0.100895, 0.37472, -0.01527, -0.101364, 0.994732, 0.0, 0.0, 0.0, 0.0, 1.0],
                [0.999412, 0.028392, 0.019236, -0.0, -0.030444, 0.992725, 0.116489, 0.37472, -0.015788, -0.117006, 0.993006, 0.0, 0.0, 0.0, 0.0, 1.0],
                [0.999356, 0.029556, 0.02036, -0.0, -0.031988, 0.990759, 0.131808, 0.37472, -0.016276, -0.132375, 0.991066, 0.0, 0.0, 0.0, 0.0, 1.0],
                [0.999298, 0.030684, 0.021482, 0.0, -0.033511, 0.988598, 0.146801, 0.37472, -0.016732, -0.147418, 0.988933, 0.0, 0.0, 0.0, 0.0, 1.0],
                [0.99924, 0.031772, 0.022596, -0.0, -0.035009, 0.986265, 0.161418, 0.37472, -0.017157, -0.162087, 0.986627, 0.0, 0.0, 0.0, 0.0, 1.0],
                [0.99918, 0.032816, 0.023698, 0.0, -0.036476, 0.983784, 0.175611, 0.37472, -0.01755, -0.176331, 0.984174, 0.0, 0.0, 0.0, 0.0, 1.0],
                [0.999121, 0.033816, 0.024781, 0.0, -0.037904, 0.981181, 0.189331, 0.37472, -0.017912, -0.190104, 0.981601, -0.0, 0.0, 0.0, 0.0, 1.0],
                [0.999061, 0.034767, 0.025841, -0.0, -0.03929, 0.978487, 0.202534, 0.37472, -0.018243, -0.203359, 0.978934, -0.0, 0.0, 0.0, 0.0, 1.0],
                [0.999002, 0.035668, 0.026872, -0.0, -0.040625, 0.97573, 0.215174, 0.37472, -0.018544, -0.216051, 0.976206, 0.0, 0.0, 0.0, 0.0, 1.0],
                [0.998944, 0.036518, 0.027868, -0.0, -0.041906, 0.972944, 0.227208, 0.37472, -0.018816, -0.228136, 0.973448, -0.0, 0.0, 0.0, 0.0, 1.0],
                [0.998888, 0.037314, 0.028823, 0.0, -0.043126, 0.970161, 0.238594, 0.37472, -0.01906, -0.239572, 0.970692, 0.0, 0.0, 0.0, 0.0, 1.0],
                [0.998833, 0.038055, 0.029733, -0.0, -0.044279, 0.967416, 0.249292, 0.37472, -0.019278, -0.250318, 0.967972, 0.0, 0.0, 0.0, 0.0, 1.0],
                [0.998781, 0.038739, 0.030592, 0.0, -0.04536, 0.964741, 0.259261, 0.37472, -0.01947, -0.260333, 0.965323, -0.0, 0.0, 0.0, 0.0, 1.0],
                [0.998732, 0.039365, 0.031394, -0.0, -0.046363, 0.962174, 0.268462, 0.37472, -0.019638, -0.269577, 0.962779, 0.0, 0.0, 0.0, 0.0, 1.0],
                [0.998686, 0.039932, 0.032133, 0.0, -0.047283, 0.959747, 0.276858, 0.37472, -0.019784, -0.278014, 0.960373, -0.0, 0.0, 0.0, 0.0, 1.0],
                [0.998643, 0.040438, 0.032804, -0.0, -0.048115, 0.957495, 0.28441, 0.37472, -0.019909, -0.285603, 0.958141, 0.0, 0.0, 0.0, 0.0, 1.0],
                [0.998605, 0.040883, 0.033402, -0.0, -0.048852, 0.95545, 0.291081, 0.37472, -0.020014, -0.292307, 0.956115, 0.0, 0.0, 0.0, 0.0, 1.0],
                [0.998572, 0.041264, 0.033922, -0.0, -0.049491, 0.953646, 0.296833, 0.37472, -0.020101, -0.298088, 0.954327, 0.0, 0.0, 0.0, 0.0, 1.0],
                [0.998544, 0.04158, 0.034358, -0.0, -0.050025, 0.952112, 0.301628, 0.37472, -0.020171, -0.302907, 0.952807, -0.0, 0.0, 0.0, 0.0, 1.0],
                [0.998522, 0.041829, 0.034706, 0.0, -0.050449, 0.950878, 0.305428, 0.37472, -0.020225, -0.306727, 0.951583, -0.0, 0.0, 0.0, 0.0, 1.0],
                [0.998505, 0.04201, 0.03496, 0.0, -0.050759, 0.949969, 0.308193, 0.37472, -0.020263, -0.309507, 0.950681, -0.0, 0.0, 0.0, 0.0, 1.0],
                [0.998495, 0.042121, 0.035115, -0.0, -0.050948, 0.949409, 0.309883, 0.37472, -0.020286, -0.311206, 0.950126, 0.0, 0.0, 0.0, 0.0, 1.0],
                [0.998492, 0.042158, 0.035168, -0.0, -0.051013, 0.949218, 0.310456, 0.37472, -0.020294, -0.311782, 0.949937, 0.0, 0.0, 0.0, 0.0, 1.0]
            ]
        },
        {
            "name": "Knee_L",
            "time": [0.0, 0.1667, 0.3333, 0.4167, 0.5, 0.55, 0.5833, 0.8333, 0.9167, 0.9833, 1.0, 1.0167, 1.2667, 1.7167, 1.7333, 1.75, 1.7667, 1.7833, 1.8, 1.8167, 1.8333, 1.85, 1.8667, 1.8833, 1.9, 1.9167, 1.9333, 1.95, 1.9667, 1.9833, 2.0, 2.0167, 2.0333, 2.05, 2.0667, 2.0833, 2.1],
            "transform": [
                [1.0, 0.0, -0.0, -0.0, -0.0, 1e-06, -1.0, 0.37472, -0.0, 1.0, 1e-06, 0.0, 0.0, 0.0, 0.0, 1.0],
                [1.0, 0.0, -0.0, 0.0, -0.0, 1e-06, -1.0, 0.37472, -0.0, 1.0, 1e-06, 0.0, 0.0, 0.0, 0.0, 1.0],
                [1.0, 0.0, -0.0, 0.0, -0.0, 1e-06, -1.0, 0.37472, -0.0, 1.0, 1e-06, 0.0, 0.0, 0.0, 0.0, 1.0],
                [1.0, 0.0, -0.0, 0.0, -0.0, 1e-06, -1.0, 0.37472, -0.0, 1.0, 1e-06, 0.0, 0.0, 0.0, 0.0, 1.0],
                [1.0, 0.0, -0.0, 0.0, -0.0, 1e-06, -1.0, 0.37472, -0.0, 1.0, 1e-06, 0.0, 0.0, 0.0, 0.0, 1.0],
                [1.0, 0.0, -0.0, 0.0, -0.0, 1e-06, -1.0, 0.37472, -0.0, 1.0, 1e-06, -0.0, 0.0, 0.0, 0.0, 1.0],
                [1.0, 0.0, -0.0, -0.0, -0.0, 1e-06, -1.0, 0.37472, -0.0, 1.0, 1e-06, -0.0, 0.0, 0.0, 0.0, 1.0],
                [1.0, 0.0, -0.0, -0.0, -0.0, 1e-06, -1.0, 0.37472, -0.0, 1.0, 1e-06, -0.0, 0.0, 0.0, 0.0, 1.0],
                [1.0, 0.0, -0.0, -0.0, -0.0, 1e-06, -1.0, 0.37472, -0.0, 1.0, 1e-06, -0.0, 0.0, 0.0, 0.0, 1.0],
                [1.0, 0.0, -0.0, -0.0, -0.0, 1e-06, -1.0, 0.37472, -0.0, 1.0, 1e-06, -0.0, 0.0, 0.0, 0.0, 1.0],
                [1.0, 0.0, -0.0, -0.0, -0.0, 1e-06, -1.0, 0.37472, -0.0, 1.0, 1e-06, -0.0, 0.0, 0.0, 0.0, 1.0],
                [1.0, 0.0, -0.0, -0.0, -0.0, 1e-06, -1.0, 0.37472, -0.0, 1.0, 1e-06, -0.0, 0.0, 0.0, 0.0, 1.0],
                [1.0, 0.0, -0.0, -0.0, -0.0, 1e-06, -1.0, 0.37472, -0.0, 1.0, 1e-06, -0.0, 0.0, 0.0, 0.0, 1.0],
                [1.0, 0.0, -0.0, 0.0, -0.0, 1e-06, -1.0, 0.37472, -0.0, 1.0, 1e-06, 0.0, 0.0, 0.0, 0.0, 1.0],
                [1.0, 0.0, -0.0, -0.0, -0.0, 1e-06, -1.0, 0.37472, -0.0, 1.0, 1e-06, 0.0, 0.0, 0.0, 0.0, 1.0],
                [1.0, 0.0, -0.0, -0.0, -0.0, 1e-06, -1.0, 0.37472, -0.0, 1.0, 1e-06, 0.0, 0.0, 0.0, 0.0, 1.0],
                [1.0, 0.0, -0.0, -0.0, -0.0, 1e-06, -1.0, 0.37472, -0.0, 1.0, 1e-06, 0.0, 0.0, 0.0, 0.0, 1.0],
                [1.0, 0.0, -0.0, 0.0, -0.0, 1e-06, -1.0, 0.37472, -0.0, 1.0, 1e-06, 0.0, 0.0, 0.0, 0.0, 1.0],
                [1.0, 0.0, -0.0, -0.0, -0.0, 1e-06, -1.0, 0.37472, -0.0, 1.0, 1e-06, 0.0, 0.0, 0.0, 0.0, 1.0],
                [1.0, 0.0, -0.0, 0.0, -0.0, 1e-06, -1.0, 0.37472, -0.0, 1.0, 1e-06, 0.0, 0.0, 0.0, 0.0, 1.0],
                [1.0, 0.0, -0.0, 0.0, -0.0, 1e-06, -1.0, 0.37472, -0.0, 1.0, 1e-06, -0.0, 0.0, 0.0, 0.0, 1.0],
                [1.0, 0.0, -0.0, -0.0, -0.0, 1e-06, -1.0, 0.37472, -0.0, 1.0, 1e-06, -0.0, 0.0, 0.0, 0.0, 1.0],
                [1.0, 0.0, -0.0, -0.0, -0.0, 1e-06, -1.0, 0.37472, -0.0, 1.0, 1e-06, 0.0, 0.0, 0.0, 0.0, 1.0],
                [1.0, 0.0, -0.0, -0.0, -0.0, 1e-06, -1.0, 0.37472, -0.0, 1.0, 1e-06, -0.0, 0.0, 0.0, 0.0, 1.0],
                [1.0, 0.0, -0.0, 0.0, -0.0, 1e-06, -1.0, 0.37472, -0.0, 1.0, 1e-06, 0.0, 0.0, 0.0, 0.0, 1.0],
                [1.0, 0.0, -0.0, -0.0, -0.0, 1e-06, -1.0, 0.37472, -0.0, 1.0, 1e-06, 0.0, 0.0, 0.0, 0.0, 1.0],
                [1.0, 0.0, -0.0, 0.0, -0.0, 1e-06, -1.0, 0.37472, -0.0, 1.0, 1e-06, -0.0, 0.0, 0.0, 0.0, 1.0],
                [1.0, 0.0, -0.0, -0.0, -0.0, 1e-06, -1.0, 0.37472, -0.0, 1.0, 1e-06, 0.0, 0.0, 0.0, 0.0, 1.0],
                [1.0, 0.0, -0.0, 0.0, -0.0, 1e-06, -1.0, 0.37472, -0.0, 1.0, 1e-06, -0.0, 0.0, 0.0, 0.0, 1.0],
                [1.0, 0.0, -0.0, -0.0, -0.0, 1e-06, -1.0, 0.37472, -0.0, 1.0, 1e-06, 0.0, 0.0, 0.0, 0.0, 1.0],
                [1.0, 0.0, -0.0, -0.0, -0.0, 1e-06, -1.0, 0.37472, -0.0, 1.0, 1e-06, 0.0, 0.0, 0.0, 0.0, 1.0],
                [1.0, 0.0, -0.0, -0.0, -0.0, 1e-06, -1.0, 0.37472, -0.0, 1.0, 1e-06, 0.0, 0.0, 0.0, 0.0, 1.0],
                [1.0, 0.0, -0.0, -0.0, -0.0, 1e-06, -1.0, 0.37472, -0.0, 1.0, 1e-06, -0.0, 0.0, 0.0, 0.0, 1.0],
                [1.0, 0.0, -0.0, 0.0, -0.0, 1e-06, -1.0, 0.37472, -0.0, 1.0, 1e-06, -0.0, 0.0, 0.0, 0.0, 1.0],
                [1.0, 0.0, -0.0, 0.0, -0.0, 1e-06, -1.0, 0.37472, -0.0, 1.0, 1e-06, -0.0, 0.0, 0.0, 0.0, 1.0],
                [1.0, 0.0, -0.0, -0.0, -0.0, 1e-06, -1.0, 0.37472, -0.0, 1.0, 1e-06, 0.0, 0.0, 0.0, 0.0, 1.0],
                [1.0, 0.0, -0.0, -0.0, -0.0, 1e-06, -1.0, 0.37472, -0.0, 1.0, 1e-06, 0.0, 0.0, 0.0, 0.0, 1.0]
            ]
        },
        {
            "name": "Torso",
            "time": [0.0, 0.1667, 0.3333, 0.4167, 0.5, 0.55, 0.5833, 0.8333, 0.9167, 0.9833, 1.0, 1.0167, 1.2667, 1.8333, 1.85, 1.8667, 1.8833, 1.9, 1.9167, 1.9333, 1.95, 1.9667, 1.9833, 2.0, 2.0167, 2.0333, 2.05, 2.0667, 2.0833, 2.1],
            "transform": [
                [0.454567, 0.323677, -0.82982, 0.0, -0.140765, 0.946034, 0.291897, 0.05, 0.879519, -0.015877, 0.475599, 0.0, 0.0, 0.0, 0.0, 1.0],
                [0.594805, -0.442775, 0.670938, -0.0, 0.112652, 0.87231, 0.475799, 0.05, -0.795938, -0.207425, 0.568734, -0.0, 0.0, 0.0, 0.0, 1.0],
                [0.762634, -0.449737, 0.464894, -0.0, 0.199603, 0.847279, 0.492217, 0.05, -0.615263, -0.282587, 0.735933, -0.0, 0.0, 0.0, 0.0, 1.0],
                [0.927683, -0.163891, 0.335477, -0.0, 0.02267, 0.921578, 0.387531, 0.05, -0.372681, -0.351901, 0.858647, 0.0, 0.0, 0.0, 0.0, 1.0],
                [0.145182, 0.218838, -0.9649, 0.0, -0.040609, 0.975729, 0.215184, 0.05, 0.988571, 0.007942, 0.150545, 0.0, 0.0, 0.0, 0.0, 1.0],
                [0.145182, 0.218838, -0.9649, 0.0, -0.040609, 0.975729, 0.215184, 0.05, 0.988571, 0.007942, 0.150545, 0.0, 0.0, 0.0, 0.0, 1.0],
                [0.146513, -0.047678, -0.988059, 0.0, -0.017744, 0.99855, -0.050815, 0.05, 0.989049, 0.024977, 0.145455, 0.0, 0.0, 0.0, 0.0, 1.0],
                [0.229581, -0.047696, -0.97212, -0.0, -0.016238, 0.998472, -0.052824, 0.05, 0.973154, 0.027913, 0.228456, -0.0, 0.0, 0.0, 0.0, 1.0],
                [0.229581, -0.047696, -0.97212, -0.0, -0.016238, 0.998472, -0.052824, 0.05, 0.973154, 0.027913, 0.228456, -0.0, 0.0, 0.0, 0.0, 1.0],
                [0.229581, -0.047696, -0.97212, -0.0, -0.016238, 0.998472, -0.052824, 0.05, 0.973154, 0.027913, 0.228456, -0.0, 0.0, 0.0, 0.0, 1.0],
                [0.056741, -0.051813, -0.997043, -0.0, -0.013165, 0.998527, -0.052639, 0.05, 0.998302, 0.016113, 0.055975, -0.0, 0.0, 0.0, 0.0, 1.0],
                [-0.09947, -0.053704, -0.99359, -0.0, -0.010426, 0.998544, -0.052928, 0.05, 0.994986, 0.005095, -0.099885, -0.0, 0.0, 0.0, 0.0, 1.0],
                [-0.09947, -0.053704, -0.99359, -0.0, -0.010426, 0.998544, -0.052928, 0.05, 0.994986, 0.005095, -0.099885, -0.0, 0.0, 0.0, 0.0, 1.0],
                [0.997498, 0.020051, 0.067791, 0.0, -0.026562, 0.994973, 0.096552, 0.05, -0.065515, -0.098111, 0.993017, -0.0, 0.0, 0.0, 0.0, 1.0],
                [0.998012, 0.018235, 0.060322, 0.0, -0.023417, 0.995989, 0.086355, 0.05, -0.058505, -0.087596, 0.994437, -0.0, 0.0, 0.0, 0.0, 1.0],
                [0.99845, 0.016414, 0.053188, 0.0, -0.020464, 0.996858, 0.07652, 0.05, -0.051765, -0.077489, 0.995649, -0.0, 0.0, 0.0, 0.0, 1.0],
                [0.998816, 0.014604, 0.046412, 0.0, -0.017703, 0.99759, 0.06709, 0.05, -0.04532, -0.067832, 0.996667, -0.0, 0.0, 0.0, 0.0, 1.0],
                [0.999117, 0.012823, 0.040014, 0.0, -0.015138, 0.998196, 0.058107, 0.05, -0.039197, -0.058662, 0.997508, -0.0, 0.0, 0.0, 0.0, 1.0],
                [0.99936, 0.011088, 0.034016, 0.0, -0.012769, 0.998687, 0.049614, 0.05, -0.033421, -0.050017, 0.998189, -0.0, 0.0, 0.0, 0.0, 1.0],
                [0.999551, 0.009417, 0.028438, 0.0, -0.010598, 0.999076, 0.041652, 0.05, -0.028019, -0.041935, 0.998727, -0.0, 0.0, 0.0, 0.0, 1.0],
                [0.999698, 0.007829, 0.023299, 0.0, -0.008625, 0.999376, 0.034262, 0.05, -0.023016, -0.034453, 0.999141, -0.0, 0.0, 0.0, 0.0, 1.0],
                [0.999807, 0.00634, 0.018619, 0.0, -0.006851, 0.999599, 0.027484, 0.05, -0.018438, -0.027606, 0.999449, -0.0, 0.0, 0.0, 0.0, 1.0],
                [0.999884, 0.004969, 0.014418, 0.0, -0.005276, 0.999758, 0.021357, 0.05, -0.014308, -0.021431, 0.999668, -0.0, 0.0, 0.0, 0.0, 1.0],
                [0.999936, 0.003732, 0.010713, 0.0, -0.003903, 0.999866, 0.015922, 0.05, -0.010652, -0.015963, 0.999816, -0.0, 0.0, 0.0, 0.0, 1.0],
                [0.999968, 0.002646, 0.007524, 0.0, -0.00273, 0.999933, 0.011217, 0.05, -0.007494, -0.011237, 0.999909, -0.0, 0.0, 0.0, 0.0, 1.0],
                [0.999987, 0.001727, 0.00487, 0.0, -0.001762, 0.999972, 0.007281, 0.05, -0.004858, -0.00729, 0.999962, -0.0, 0.0, 0.0, 0.0, 1.0],
                [0.999996, 0.000989, 0.002771, 0.0, -0.001001, 0.999991, 0.004153, 0.05, -0.002767, -0.004156, 0.999988, -0.0, 0.0, 0.0, 0.0, 1.0],
                [0.999999, 0.000447, 0.001246, 0.0, -0.000449, 0.999998, 0.001871, 0.05, -0.001245, -0.001872, 0.999997, -0.0, 0.0, 0.0, 0.0, 1.0],
                [1.0, 0.000113, 0.000315, 0.0, -0.000114, 1.0, 0.000474, 0.05, -0.000315, -0.000474, 1.0, -0.0, 0.0, 0.0, 0.0, 1.0],
                [1.0, 0.0, 0.0, 0.0, 0.0, 1.0, 0.0, 0.05, 0.0, 0.0, 1.0, -0.0, 0.0, 0.0, 0.0, 1.0]
            ]
        },
        {
            "name": "Chest",
            "time": [0.0, 0.1667, 0.3333, 0.4167, 0.5, 0.55, 0.5833, 0.8333, 0.9167, 0.9833, 1.0, 1.0167, 1.2667, 1.7167, 1.7333, 1.75, 1.7667, 1.7833, 1.8, 1.8167, 1.8333, 1.85, 1.8667, 1.8833, 1.9, 1.9167, 1.9333, 1.95, 1.9667, 1.9833, 2.0, 2.0167, 2.0333, 2.05, 2.0667, 2.0833, 2.1],
            "transform": [
                [0.761668, 0.235908, -0.603497, 0.0, 0.210309, 0.790945, 0.57461, 0.3, 0.612888, -0.564583, 0.552824, -0.0, 0.0, 0.0, 0.0, 1.0],
                [0.902526, -0.281358, -0.326013, -0.0, 0.419952, 0.742629, 0.521673, 0.3, 0.09533, -0.607733, 0.788399, -0.0, 0.0, 0.0, 0.0, 1.0],
