{
    "animation": [
        {
            "name": "Root",
            "time": [0.0, 0.1667, 0.3833, 0.8333, 0.9167, 1.0, 1.05, 1.1, 1.2667, 1.6667, 2.2, 2.5],
            "transform": [
                [1.0, 0.0, 0.0, -5e-06, 0.0, 0.0, -1.0, 0.000946, 0.0, 1.0, 0.0, 0.633972, 0.0, 0.0, 0.0, 1.0],
                [0.019307, 0.0, -0.999814, -5e-06, -0.999814, 0.0, -0.019307, 0.000946, 0.0, 1.0, 0.0, 0.471541, 0.0, 0.0, 0.0, 1.0],
                [0.019307, 0.0, -0.999814, -5e-06, -0.999814, 0.0, -0.019307, 0.000946, 0.0, 1.0, 0.0, 0.471541, 0.0, 0.0, 0.0, 1.0],
                [0.019307, 0.0, -0.999814, -5e-06, -0.999814, 0.0, -0.019307, 0.000946, 0.0, 1.0, 0.0, 0.471541, 0.0, 0.0, 0.0, 1.0],
                [0.926838, 0.0, -0.375461, -5e-06, -0.375461, 0.0, -0.926838, 0.395038, 0.0, 1.0, 0.0, 0.526081, 0.0, 0.0, 0.0, 1.0],
                [-0.002287, 0.0, 0.999997, -5e-06, 0.999997, 0.0, 0.002287, 0.98887, 0.0, 1.0, 0.0, 0.608264, 0.0, 0.0, 0.0, 1.0],
                [-0.002287, 0.0, 0.999997, -5e-06, 0.999997, 0.0, 0.002287, 2.000947, 0.0, 1.0, 0.0, 0.450706, 0.0, 0.0, 0.0, 1.0],
                [-0.002287, 0.0, 0.999997, -5e-06, 0.999997, 0.0, 0.002287, 3.500947, 0.0, 1.0, 0.0, 0.619083, 0.0, 0.0, 0.0, 1.0],
                [-0.002287, 0.0, 0.999997, -5e-06, 0.999997, 0.0, 0.002287, 3.500947, 0.0, 1.0, 0.0, 0.655935, 0.0, 0.0, 0.0, 1.0],
                [0.058168, 0.0, 0.998307, -5e-06, 0.998307, 0.0, -0.058168, 3.500947, 0.0, 1.0, 0.0, 0.670074, 0.0, 0.0, 0.0, 1.0],
                [0.944309, 0.0, -0.32906, -5e-06, -0.32906, 0.0, -0.944309, 3.100946, 0.0, 1.0, 0.0, 0.72957, 0.0, 0.0, 0.0, 1.0],
                [0.944309, 0.0, -0.32906, -5e-06, -0.32906, 0.0, -0.944309, 3.100946, 0.0, 1.0, 0.0, 0.72957, 0.0, 0.0, 0.0, 1.0]
            ]
        },
        {
            "name": "Thigh_R",
            "time": [0.0, 0.1667, 0.3833, 0.8333, 0.9167, 1.0, 1.05, 1.1, 1.2667, 1.6667, 2.1167, 2.1333, 2.15, 2.1667, 2.1833, 2.2, 2.2167, 2.2333, 2.25, 2.2667, 2.2833, 2.3, 2.3167, 2.3333, 2.35, 2.3667, 2.3833, 2.4, 2.4167, 2.4333, 2.45, 2.4667, 2.4833, 2.5],
            "transform": [
                [1.0, -0.0, 0.0, 0.124994, 0.0, -0.806414, 0.591351, -0.002831, -0.0, -0.59135, -0.806415, -1.2e-05, 0.0, 0.0, 0.0, 1.0],
                [0.74557, 0.666409, 0.004913, 0.082524, 0.66641, -0.745475, -0.012868, 0.036166, -0.004913, 0.012869, -0.999905, -0.000832, 0.0, 0.0, 0.0, 1.0],
                [0.656105, 0.75464, 0.006641, 0.082524, 0.75464, -0.655976, -0.014572, 0.036166, -0.006641, 0.014572, -0.999872, -0.000832, 0.0, 0.0, 0.0, 1.0],
                [0.639389, 0.768852, 0.006963, 0.082524, 0.768852, -0.639255, -0.014847, 0.036166, -0.006964, 0.014847, -0.999866, -0.000832, 0.0, 0.0, 0.0, 1.0],
                [0.994162, -0.009999, -0.107431, 0.103759, 0.049883, -0.840304, 0.539815, 0.016668, -0.095672, -0.542023, -0.8349, -0.000422, 0.0, 0.0, 0.0, 1.0],
                [0.041814, 0.774887, 0.630716, 0.124994, 0.069051, -0.631999, 0.771886, -0.002831, 0.996736, 0.011277, -0.079933, -1.2e-05, 0.0, 0.0, 0.0, 1.0],
                [0.131989, 0.904074, 0.406483, 0.124994, 0.072444, -0.417772, 0.905659, -0.002831, 0.9886, -0.09009, -0.120637, -1.2e-05, 0.0, 0.0, 0.0, 1.0],
                [0.109405, 0.602736, 0.790405, 0.124994, 0.036243, -0.797068, 0.602801, -0.002831, 0.993336, -0.037303, -0.109049, -1.2e-05, 0.0, 0.0, 0.0, 1.0],
                [0.102322, 0.514969, 0.85108, 0.124994, 0.030145, -0.856783, 0.514795, -0.002831, 0.994294, -0.027019, -0.103191, -1.2e-05, 0.0, 0.0, 0.0, 1.0],
                [0.168343, 0.48323, 0.859156, 0.124994, 0.024351, -0.873368, 0.486452, -0.002831, 0.985428, -0.060969, -0.158793, -1.2e-05, 0.0, 0.0, 0.0, 1.0],
                [0.982977, 0.132002, 0.12779, 0.124994, 0.078636, -0.930901, 0.356706, -0.002831, 0.166046, -0.340585, -0.925435, -1.2e-05, 0.0, 0.0, 0.0, 1.0],
                [0.982577, 0.130754, 0.13208, 0.124994, 0.079539, -0.938136, 0.337008, -0.002831, 0.167975, -0.32063, -0.932191, -1.2e-05, 0.0, 0.0, 0.0, 1.0],
                [0.982167, 0.129396, 0.136401, 0.124994, 0.080496, -0.94504, 0.31689, -0.002831, 0.169908, -0.300258, -0.938603, -1.2e-05, 0.0, 0.0, 0.0, 1.0],
                [0.981758, 0.127966, 0.140629, 0.124994, 0.08148, -0.95142, 0.296919, -0.002831, 0.171793, -0.280044, -0.944491, -1.2e-05, 0.0, 0.0, 0.0, 1.0],
                [0.981354, 0.126481, 0.144732, 0.124994, 0.082481, -0.957244, 0.277273, -0.002831, 0.173613, -0.260165, -0.949828, -1.2e-05, 0.0, 0.0, 0.0, 1.0],
                [0.980924, 0.124825, 0.149017, 0.124994, 0.083576, -0.962934, 0.256462, -0.002831, 0.175506, -0.239115, -0.954998, -1.2e-05, 0.0, 0.0, 0.0, 1.0],
                [0.980532, 0.123246, 0.152862, 0.124994, 0.084602, -0.967689, 0.237528, -0.002831, 0.177198, -0.219971, -0.959278, -1.2e-05, 0.0, 0.0, 0.0, 1.0],
                [0.980152, 0.121655, 0.156531, 0.124994, 0.085621, -0.971909, 0.219229, -0.002831, 0.178804, -0.201475, -0.963035, -1.2e-05, 0.0, 0.0, 0.0, 1.0],
                [0.979782, 0.12005, 0.160048, 0.124994, 0.086636, -0.975657, 0.201465, -0.002831, 0.180338, -0.183526, -0.966331, -1.2e-05, 0.0, 0.0, 0.0, 1.0],
                [0.979421, 0.118437, 0.163421, 0.124994, 0.087644, -0.978969, 0.184222, -0.002831, 0.181802, -0.166108, -0.969204, -1.2e-05, 0.0, 0.0, 0.0, 1.0],
                [0.979071, 0.11682, 0.166651, 0.124994, 0.088643, -0.981877, 0.16751, -0.002831, 0.183199, -0.149232, -0.971683, -1.2e-05, 0.0, 0.0, 0.0, 1.0],
                [0.978731, 0.115209, 0.16974, 0.124994, 0.089629, -0.984408, 0.151349, -0.002831, 0.18453, -0.132916, -0.973798, -1.2e-05, 0.0, 0.0, 0.0, 1.0],
                [0.978403, 0.11361, 0.172686, 0.124994, 0.090599, -0.98659, 0.13576, -0.002831, 0.185794, -0.117183, -0.975576, -1.2e-05, 0.0, 0.0, 0.0, 1.0],
                [0.978086, 0.11203, 0.175489, 0.124994, 0.09155, -0.98845, 0.120767, -0.002831, 0.186992, -0.102054, -0.977046, -1.2e-05, 0.0, 0.0, 0.0, 1.0],
                [0.977782, 0.110479, 0.178149, 0.124994, 0.092477, -0.990014, 0.106394, -0.002831, 0.188124, -0.087555, -0.978235, -1.2e-05, 0.0, 0.0, 0.0, 1.0],
                [0.977491, 0.108962, 0.180663, 0.124994, 0.093376, -0.991309, 0.092668, -0.002831, 0.189191, -0.073712, -0.97917, -1.2e-05, 0.0, 0.0, 0.0, 1.0],
                [0.977213, 0.10749, 0.183031, 0.124994, 0.094244, -0.99236, 0.079621, -0.002831, 0.190191, -0.060557, -0.979878, -1.2e-05, 0.0, 0.0, 0.0, 1.0],
                [0.97695, 0.106071, 0.185249, 0.124994, 0.095076, -0.993193, 0.067289, -0.002831, 0.191125, -0.048124, -0.980385, -1.2e-05, 0.0, 0.0, 0.0, 1.0],
                [0.976703, 0.104715, 0.187312, 0.124994, 0.095867, -0.993834, 0.055715, -0.002831, 0.191991, -0.03646, -0.980719, -1.2e-05, 0.0, 0.0, 0.0, 1.0],
                [0.976473, 0.103433, 0.189214, 0.124994, 0.096611, -0.994306, 0.044957, -0.002831, 0.192787, -0.025619, -0.980906, -1.2e-05, 0.0, 0.0, 0.0, 1.0],
                [0.976257, 0.102212, 0.190985, 0.124994, 0.097317, -0.994642, 0.034864, -0.002831, 0.193525, -0.01545, -0.980974, -1.2e-05, 0.0, 0.0, 0.0, 1.0],
                [0.976058, 0.101075, 0.192598, 0.124994, 0.097971, -0.99486, 0.025603, -0.002831, 0.194196, -0.006121, -0.980943, -1.2e-05, 0.0, 0.0, 0.0, 1.0],
                [0.975894, 0.100128, 0.19392, 0.124994, 0.098514, -0.994973, 0.017971, -0.002831, 0.194744, 0.001566, -0.980853, -1.2e-05, 0.0, 0.0, 0.0, 1.0],
                [0.975823, 0.099713, 0.194492, 0.124994, 0.098752, -0.995004, 0.014654, -0.002831, 0.194981, 0.004908, -0.980795, -1.2e-05, 0.0, 0.0, 0.0, 1.0]
            ]
        },
        {
            "name": "Leg_R",
            "time": [0.0, 0.1667, 0.3833, 0.8333, 0.9167, 1.0, 1.05, 1.1, 1.2667, 1.6667, 2.1167, 2.1333, 2.15, 2.1667, 2.1833, 2.2, 2.2167, 2.2333, 2.25, 2.2667, 2.2833, 2.3, 2.3167, 2.3333, 2.35, 2.3667, 2.3833, 2.4, 2.4167, 2.4333, 2.45, 2.4667, 2.4833, 2.5],
            "transform": [
                [1.0, 0.0, 1e-06, 0.0, -0.0, 0.997423, 0.071745, 0.37472, -1e-06, -0.071746, 0.997423, -0.0, 0.0, 0.0, 0.0, 1.0],
                [0.968398, 0.249411, 0.000464, -0.0, -0.249411, 0.968391, 0.003661, 0.37472, 0.000463, -0.003661, 0.999993, -0.0, 0.0, 0.0, 0.0, 1.0],
                [0.999281, -0.031091, -0.0217, 0.0, 0.029609, 0.997409, -0.065561, 0.37472, 0.023682, 0.064872, 0.997612, -0.0, 0.0, 0.0, 0.0, 1.0],
                [0.995149, -0.084185, -0.050899, -0.0, 0.080626, 0.994399, -0.068339, 0.37472, 0.056367, 0.063903, 0.996363, -0.0, 0.0, 0.0, 0.0, 1.0],
                [0.967031, 0.234521, -0.099249, 0.0, 0.137422, -0.152459, 0.978709, 0.37472, 0.214397, -0.960081, -0.17966, -0.0, 0.0, 0.0, 0.0, 1.0],
                [0.972656, -0.018704, 0.231496, 0.0, -0.230774, 0.034366, 0.9724, 0.37472, -0.026143, -0.999234, 0.02911, 0.0, 0.0, 0.0, 0.0, 1.0],
                [0.997505, 0.014314, -0.069132, -0.0, 0.029028, 0.809472, 0.58644, 0.37472, 0.064354, -0.586983, 0.807037, -0.0, 0.0, 0.0, 0.0, 1.0],
                [0.988599, 0.056679, 0.139494, -0.0, -0.073044, 0.99066, 0.115141, 0.37472, -0.131665, -0.124017, 0.983506, 0.0, 0.0, 0.0, 0.0, 1.0],
                [0.979124, 0.072316, 0.189967, 0.0, -0.092464, 0.99074, 0.099426, 0.37472, -0.181018, -0.114916, 0.976743, -0.0, 0.0, 0.0, 0.0, 1.0],
                [0.981778, 0.066057, 0.178179, -0.0, -0.088071, 0.989027, 0.11861, 0.37472, -0.168389, -0.132141, 0.976823, 0.0, 0.0, 0.0, 0.0, 1.0],
                [0.999485, -0.010744, -0.03025, -0.0, 0.022203, 0.911951, 0.409698, 0.37472, 0.023185, -0.410158, 0.91172, -0.0, 0.0, 0.0, 0.0, 1.0],
                [0.99953, -0.011757, -0.02832, 0.0, 0.022128, 0.915921, 0.400748, 0.37472, 0.021228, -0.401187, 0.91575, -0.0, 0.0, 0.0, 0.0, 1.0],
                [0.99957, -0.01274, -0.026407, -0.0, 0.022075, 0.919749, 0.391887, 0.37472, 0.019296, -0.392301, 0.919634, -0.0, 0.0, 0.0, 0.0, 1.0],
                [0.999606, -0.013689, -0.024517, -0.0, 0.022043, 0.923426, 0.383142, 0.37472, 0.017394, -0.383531, 0.923364, 0.0, 0.0, 0.0, 0.0, 1.0],
                [0.999637, -0.014604, -0.022655, -0.0, 0.02203, 0.926948, 0.374542, 0.37472, 0.01553, -0.374905, 0.926933, -0.0, 0.0, 0.0, 0.0, 1.0],
                [0.999663, -0.015481, -0.020828, -0.0, 0.022035, 0.930308, 0.366117, 0.37472, 0.013709, -0.366452, 0.930336, -0.0, 0.0, 0.0, 0.0, 1.0],
                [0.999685, -0.01632, -0.019044, -0.0, 0.022057, 0.933501, 0.357894, 0.37472, 0.011937, -0.358202, 0.933568, -0.0, 0.0, 0.0, 0.0, 1.0],
                [0.999704, -0.017119, -0.017308, -0.0, 0.022095, 0.936525, 0.349904, 0.37472, 0.010219, -0.350183, 0.936625, 0.0, 0.0, 0.0, 0.0, 1.0],
                [0.999718, -0.017876, -0.015627, -0.0, 0.022146, 0.939375, 0.342177, 0.37472, 0.008562, -0.342426, 0.939506, -0.0, 0.0, 0.0, 0.0, 1.0],
                [0.999729, -0.018591, -0.014007, 0.0, 0.022208, 0.942049, 0.33474, 0.37472, 0.006972, -0.33496, 0.942207, -0.0, 0.0, 0.0, 0.0, 1.0],
                [0.999737, -0.019262, -0.012456, -0.0, 0.02228, 0.944546, 0.327623, 0.37472, 0.005454, -0.327814, 0.944726, 0.0, 0.0, 0.0, 0.0, 1.0],
                [0.999742, -0.019889, -0.010979, -0.0, 0.02236, 0.946864, 0.320856, 0.37472, 0.004014, -0.321018, 0.947064, -0.0, 0.0, 0.0, 0.0, 1.0],
                [0.999744, -0.02047, -0.009583, -0.0, 0.022445, 0.949003, 0.314467, 0.37472, 0.002657, -0.314602, 0.94922, -0.0, 0.0, 0.0, 0.0, 1.0],
                [0.999745, -0.021005, -0.008276, -0.0, 0.022534, 0.950962, 0.308486, 0.37472, 0.00139, -0.308593, 0.951193, 0.0, 0.0, 0.0, 0.0, 1.0],
                [0.999744, -0.021494, -0.007062, -0.0, 0.022623, 0.952741, 0.302941, 0.37472, 0.000217, -0.303023, 0.952983, -0.0, 0.0, 0.0, 0.0, 1.0],
                [0.999742, -0.021935, -0.00595, -0.0, 0.022712, 0.954339, 0.29786, 0.37472, -0.000855, -0.297919, 0.954591, -0.0, 0.0, 0.0, 0.0, 1.0],
                [0.999739, -0.022328, -0.004945, -0.0, 0.022796, 0.955757, 0.293274, 0.37472, -0.001822, -0.29331, 0.956016, -0.0, 0.0, 0.0, 0.0, 1.0],
                [0.999735, -0.022673, -0.004053, -0.0, 0.022876, 0.956993, 0.289209, 0.37472, -0.002678, -0.289225, 0.957258, 0.0, 0.0, 0.0, 0.0, 1.0],
                [0.999731, -0.022967, -0.003282, 0.0, 0.022947, 0.958046, 0.285693, 0.37472, -0.003417, -0.285692, 0.958316, -0.0, 0.0, 0.0, 0.0, 1.0],
                [0.999727, -0.023211, -0.002637, 0.0, 0.02301, 0.958916, 0.282756, 0.37472, -0.004034, -0.282739, 0.959188, -0.0, 0.0, 0.0, 0.0, 1.0],
                [0.999724, -0.023404, -0.002125, 0.0, 0.02306, 0.959599, 0.280423, 0.37472, -0.004524, -0.280395, 0.959874, 0.0, 0.0, 0.0, 0.0, 1.0],
                [0.999721, -0.023543, -0.001751, 0.0, 0.023098, 0.960094, 0.278724, 0.37472, -0.004881, -0.278687, 0.96037, -0.0, 0.0, 0.0, 0.0, 1.0],
                [0.99972, -0.023628, -0.001523, 0.0, 0.023122, 0.960394, 0.277684, 0.37472, -0.005099, -0.277642, 0.960671, -0.0, 0.0, 0.0, 0.0, 1.0],
                [0.999719, -0.023657, -0.001445, -0.0, 0.02313, 0.960496, 0.277332, 0.37472, -0.005173, -0.277288, 0.960773, 0.0, 0.0, 0.0, 0.0, 1.0]
            ]
        },
        {
            "name": "Knee_R",
            "time": [0.0, 0.1667, 0.3833, 0.8333, 0.9167, 1.0, 1.05, 1.1, 1.2667, 1.6667, 2.1167, 2.1333, 2.15, 2.1667, 2.1833, 2.2, 2.2167, 2.2333, 2.25, 2.2667, 2.2833, 2.3, 2.3167, 2.3333, 2.35, 2.3667, 2.3833, 2.4, 2.4167, 2.4333, 2.45, 2.4667, 2.4833, 2.5],
            "transform": [
                [1.0, 0.0, -0.0, 0.0, -0.0, 1e-06, -1.0, 0.37472, -0.0, 1.0, 1e-06, -0.0, 0.0, 0.0, 0.0, 1.0],
                [1.0, 0.0, -0.0, -0.0, -0.0, 1e-06, -1.0, 0.37472, -0.0, 1.0, 1e-06, -0.0, 0.0, 0.0, 0.0, 1.0],
                [1.0, 0.0, -0.0, 0.0, -0.0, 1e-06, -1.0, 0.37472, -0.0, 1.0, 1e-06, -0.0, 0.0, 0.0, 0.0, 1.0],
                [1.0, 0.0, -0.0, -0.0, -0.0, 1e-06, -1.0, 0.37472, -0.0, 1.0, 1e-06, -0.0, 0.0, 0.0, 0.0, 1.0],
                [1.0, 0.0, -0.0, 0.0, -0.0, 1e-06, -1.0, 0.37472, -0.0, 1.0, 1e-06, -0.0, 0.0, 0.0, 0.0, 1.0],
                [1.0, 0.0, -0.0, 0.0, -0.0, 1e-06, -1.0, 0.37472, -0.0, 1.0, 1e-06, 0.0, 0.0, 0.0, 0.0, 1.0],
                [1.0, 0.0, -0.0, -0.0, -0.0, 1e-06, -1.0, 0.37472, -0.0, 1.0, 1e-06, -0.0, 0.0, 0.0, 0.0, 1.0],
                [1.0, 0.0, -0.0, -0.0, -0.0, 1e-06, -1.0, 0.37472, -0.0, 1.0, 1e-06, 0.0, 0.0, 0.0, 0.0, 1.0],
                [1.0, 0.0, -0.0, 0.0, -0.0, 1e-06, -1.0, 0.37472, -0.0, 1.0, 1e-06, -0.0, 0.0, 0.0, 0.0, 1.0],
                [1.0, 0.0, -0.0, -0.0, -0.0, 1e-06, -1.0, 0.37472, -0.0, 1.0, 1e-06, 0.0, 0.0, 0.0, 0.0, 1.0],
                [1.0, 0.0, -0.0, -0.0, -0.0, 1e-06, -1.0, 0.37472, -0.0, 1.0, 1e-06, -0.0, 0.0, 0.0, 0.0, 1.0],
                [1.0, 0.0, -0.0, 0.0, -0.0, 1e-06, -1.0, 0.37472, -0.0, 1.0, 1e-06, -0.0, 0.0, 0.0, 0.0, 1.0],
                [1.0, 0.0, -0.0, -0.0, -0.0, 1e-06, -1.0, 0.37472, -0.0, 1.0, 1e-06, -0.0, 0.0, 0.0, 0.0, 1.0],
                [1.0, 0.0, -0.0, -0.0, -0.0, 1e-06, -1.0, 0.37472, -0.0, 1.0, 1e-06, 0.0, 0.0, 0.0, 0.0, 1.0],
                [1.0, 0.0, -0.0, -0.0, -0.0, 1e-06, -1.0, 0.37472, -0.0, 1.0, 1e-06, -0.0, 0.0, 0.0, 0.0, 1.0],
                [1.0, 0.0, -0.0, -0.0, -0.0, 1e-06, -1.0, 0.37472, -0.0, 1.0, 1e-06, -0.0, 0.0, 0.0, 0.0, 1.0],
                [1.0, 0.0, -0.0, -0.0, -0.0, 1e-06, -1.0, 0.37472, -0.0, 1.0, 1e-06, -0.0, 0.0, 0.0, 0.0, 1.0],
                [1.0, 0.0, -0.0, -0.0, -0.0, 1e-06, -1.0, 0.37472, -0.0, 1.0, 1e-06, 0.0, 0.0, 0.0, 0.0, 1.0],
                [1.0, 0.0, -0.0, -0.0, -0.0, 1e-06, -1.0, 0.37472, -0.0, 1.0, 1e-06, -0.0, 0.0, 0.0, 0.0, 1.0],
                [1.0, 0.0, -0.0, 0.0, -0.0, 1e-06, -1.0, 0.37472, -0.0, 1.0, 1e-06, -0.0, 0.0, 0.0, 0.0, 1.0],
                [1.0, 0.0, -0.0, -0.0, -0.0, 1e-06, -1.0, 0.37472, -0.0, 1.0, 1e-06, 0.0, 0.0, 0.0, 0.0, 1.0],
                [1.0, 0.0, -0.0, -0.0, -0.0, 1e-06, -1.0, 0.37472, -0.0, 1.0, 1e-06, -0.0, 0.0, 0.0, 0.0, 1.0],
                [1.0, 0.0, -0.0, -0.0, -0.0, 1e-06, -1.0, 0.37472, -0.0, 1.0, 1e-06, -0.0, 0.0, 0.0, 0.0, 1.0],
                [1.0, 0.0, -0.0, -0.0, -0.0, 1e-06, -1.0, 0.37472, 0.0, 1.0, 1e-06, 0.0, 0.0, 0.0, 0.0, 1.0],
                [1.0, 0.0, -0.0, -0.0, -0.0, 1e-06, -1.0, 0.37472, -0.0, 1.0, 1e-06, -0.0, 0.0, 0.0, 0.0, 1.0],
                [1.0, 0.0, -0.0, -0.0, -0.0, 1e-06, -1.0, 0.37472, -0.0, 1.0, 1e-06, -0.0, 0.0, 0.0, 0.0, 1.0],
                [1.0, 0.0, -0.0, -0.0, -0.0, 1e-06, -1.0, 0.37472, -0.0, 1.0, 1e-06, -0.0, 0.0, 0.0, 0.0, 1.0],
                [1.0, 0.0, -0.0, -0.0, -0.0, 1e-06, -1.0, 0.37472, -0.0, 1.0, 1e-06, 0.0, 0.0, 0.0, 0.0, 1.0],
                [1.0, -0.0, -0.0, 0.0, -0.0, 1e-06, -1.0, 0.37472, -0.0, 1.0, 1e-06, -0.0, 0.0, 0.0, 0.0, 1.0],
                [1.0, 0.0, -0.0, 0.0, -0.0, 1e-06, -1.0, 0.37472, -0.0, 1.0, 1e-06, -0.0, 0.0, 0.0, 0.0, 1.0],
                [1.0, 0.0, -0.0, 0.0, -0.0, 1e-06, -1.0, 0.37472, -0.0, 1.0, 1e-06, 0.0, 0.0, 0.0, 0.0, 1.0],
                [1.0, 0.0, -0.0, 0.0, -0.0, 1e-06, -1.0, 0.37472, -0.0, 1.0, 1e-06, -0.0, 0.0, 0.0, 0.0, 1.0],
                [1.0, 0.0, -0.0, 0.0, -0.0, 1e-06, -1.0, 0.37472, -0.0, 1.0, 1e-06, -0.0, 0.0, 0.0, 0.0, 1.0],
                [1.0, 0.0, -0.0, -0.0, -0.0, 1e-06, -1.0, 0.37472, -0.0, 1.0, 1e-06, 0.0, 0.0, 0.0, 0.0, 1.0]
            ]
        },
        {
            "name": "Thigh_L",
            "time": [0.0, 0.1667, 0.3833, 0.8333, 0.9167, 1.0, 1.05, 1.1, 1.2667, 1.6667, 2.1167, 2.1333, 2.15, 2.1667, 2.1833, 2.2, 2.2167, 2.2333, 2.25, 2.2667, 2.2833, 2.3, 2.3167, 2.3333, 2.5],
            "transform": [
                [1.0, -0.0, -0.0, -0.125006, 0.0, -0.900311, -0.435246, -0.002831, -0.0, 0.435246, -0.900311, -1.2e-05, 0.0, 0.0, 0.0, 1.0],
                [-0.124157, -0.937267, -0.325755, -0.125006, 0.035773, -0.33231, 0.942491, -0.002831, -0.991618, 0.105364, 0.074787, -1.2e-05, 0.0, 0.0, 0.0, 1.0],
                [-0.124157, -0.937267, -0.325755, -0.125006, 0.035773, -0.33231, 0.942491, -0.002831, -0.991618, 0.105364, 0.074787, -1.2e-05, 0.0, 0.0, 0.0, 1.0],
                [-0.124157, -0.937267, -0.325755, -0.125006, 0.035773, -0.33231, 0.942491, -0.002831, -0.991618, 0.105364, 0.074787, -1.2e-05, 0.0, 0.0, 0.0, 1.0],
                [0.954692, -0.268684, -0.127951, -0.125006, -0.129429, -0.762034, 0.63447, -0.002831, -0.267975, -0.589162, -0.762284, -1.2e-05, 0.0, 0.0, 0.0, 1.0],
                [0.847494, -0.530359, -0.02175, -0.125006, -0.530245, -0.84777, 0.011184, -0.002831, -0.02437, 0.002055, -0.999701, -1.2e-05, 0.0, 0.0, 0.0, 1.0],
                [0.80058, -0.598867, -0.020739, -0.125006, -0.598726, -0.800846, 0.013139, -0.002831, -0.024477, 0.001898, -0.999698, -1.2e-05, 0.0, 0.0, 0.0, 1.0],
                [0.16883, 0.185918, 0.967952, -0.125006, -0.031488, -0.98053, 0.193826, -0.002831, 0.985142, -0.063202, -0.159689, -1.2e-05, 0.0, 0.0, 0.0, 1.0],
                [0.16883, 0.185918, 0.967952, -0.125006, -0.031488, -0.98053, 0.193826, -0.002831, 0.985142, -0.063202, -0.159689, -1.2e-05, 0.0, 0.0, 0.0, 1.0],
                [0.16883, 0.185918, 0.967952, -0.125006, -0.031488, -0.98053, 0.193826, -0.002831, 0.985142, -0.063202, -0.159689, -1.2e-05, 0.0, 0.0, 0.0, 1.0],
                [0.99748, -0.070014, -0.01146, -0.125006, -0.070014, -0.945358, -0.318427, -0.002831, 0.01146, 0.318427, -0.947878, -1.2e-05, 0.0, 0.0, 0.0, 1.0],
                [0.997352, -0.071883, -0.011053, -0.125006, -0.071882, -0.951219, -0.300025, -0.002831, 0.011053, 0.300025, -0.953867, -1.2e-05, 0.0, 0.0, 0.0, 1.0],
                [0.997219, -0.073768, -0.010603, -0.125006, -0.073768, -0.956795, -0.28125, -0.002831, 0.010603, 0.28125, -0.959576, -1.2e-05, 0.0, 0.0, 0.0, 1.0],
                [0.997085, -0.075618, -0.010123, -0.125006, -0.075618, -0.961929, -0.26263, -0.002831, 0.010123, 0.262631, -0.964843, -1.2e-05, 0.0, 0.0, 0.0, 1.0],
                [0.996952, -0.077418, -0.009618, -0.125006, -0.077418, -0.966597, -0.244328, -0.002831, 0.009618, 0.244329, -0.969645, -1.2e-05, 0.0, 0.0, 0.0, 1.0],
                [0.996809, -0.079304, -0.00905, -0.125006, -0.079303, -0.971137, -0.224953, -0.002831, 0.00905, 0.224954, -0.974327, -1.2e-05, 0.0, 0.0, 0.0, 1.0],
                [0.996678, -0.081, -0.008504, -0.125006, -0.081, -0.974911, -0.207335, -0.002831, 0.008504, 0.207335, -0.978233, -1.2e-05, 0.0, 0.0, 0.0, 1.0],
                [0.996549, -0.082623, -0.007949, -0.125006, -0.082623, -0.97824, -0.190315, -0.002831, 0.007949, 0.190316, -0.981691, -1.2e-05, 0.0, 0.0, 0.0, 1.0],
                [0.996423, -0.084184, -0.007385, -0.125006, -0.084184, -0.981176, -0.173797, -0.002831, 0.007385, 0.173798, -0.984754, -1.2e-05, 0.0, 0.0, 0.0, 1.0],
                [0.996299, -0.085685, -0.006814, -0.125006, -0.085684, -0.983752, -0.157766, -0.002831, 0.006814, 0.157767, -0.987453, -1.2e-05, 0.0, 0.0, 0.0, 1.0],
                [0.996178, -0.087126, -0.00624, -0.125006, -0.087126, -0.985991, -0.142231, -0.002831, 0.00624, 0.142231, -0.989814, -1.2e-05, 0.0, 0.0, 0.0, 1.0],
                [0.996059, -0.088509, -0.005664, -0.125006, -0.088508, -0.987919, -0.127207, -0.002831, 0.005664, 0.127208, -0.99186, -1.2e-05, 0.0, 0.0, 0.0, 1.0],
                [0.995944, -0.089831, -0.005089, -0.125006, -0.089831, -0.989558, -0.112715, -0.002831, 0.005089, 0.112716, -0.993614, -1.2e-05, 0.0, 0.0, 0.0, 1.0],
                [0.995832, -0.091093, -0.004519, -0.125006, -0.091092, -0.990932, -0.098775, -0.002831, 0.004519, 0.098775, -0.995099, -1.2e-05, 0.0, 0.0, 0.0, 1.0],
                [0.934229, -0.329202, -0.137268, -0.125006, -0.273888, -0.908664, 0.315144, -0.002831, -0.228477, -0.25682, -0.939064, -1.2e-05, 0.0, 0.0, 0.0, 1.0]
            ]
        },
        {
            "name": "Leg_L",
            "time": [0.0, 0.1667, 0.3833, 0.8333, 0.9167, 1.0, 1.05, 1.1, 1.2667, 1.6667, 2.1167, 2.1333, 2.15, 2.1667, 2.1833, 2.2, 2.2167, 2.2333, 2.25, 2.2667, 2.2833, 2.3, 2.3167, 2.3333, 2.35, 2.3667, 2.3833, 2.4, 2.4167, 2.4333, 2.45, 2.4667, 2.4833, 2.5],
            "transform": [
                [0.995808, 0.062698, -0.066594, -0.0, -0.049763, 0.98228, 0.18069, 0.37472, 0.076743, -0.176619, 0.981283, -0.0, 0.0, 0.0, 0.0, 1.0],
                [0.997822, 0.030723, -0.058365, 0.0, 0.003805, 0.856602, 0.515963, 0.37472, 0.065848, -0.515062, 0.85462, 0.0, 0.0, 0.0, 0.0, 1.0],
                [0.997822, 0.030723, -0.058365, 0.0, 0.003805, 0.856602, 0.515963, 0.37472, 0.065848, -0.515062, 0.85462, 0.0, 0.0, 0.0, 0.0, 1.0],
                [0.997822, 0.030723, -0.058365, 0.0, 0.003805, 0.856602, 0.515963, 0.37472, 0.065848, -0.515062, 0.85462, 0.0, 0.0, 0.0, 0.0, 1.0],
                [0.996993, 0.054424, 0.055156, 0.0, -0.075795, 0.537071, 0.840125, 0.37472, 0.0161, -0.841779, 0.539582, 0.0, 0.0, 0.0, 0.0, 1.0],
                [0.999858, 0.009058, -0.014183, 0.0, -0.009034, 0.999958, 0.00176, 0.37472, 0.014198, -0.001632, 0.999898, 0.0, 0.0, 0.0, 0.0, 1.0],
                [0.904277, -0.426767, -0.012339, 0.0, 0.42656, 0.904311, -0.016354, 0.37472, 0.018137, 0.009526, 0.99979, -0.0, 0.0, 0.0, 0.0, 1.0],
                [0.986549, -0.086765, 0.138541, -0.0, -0.145709, -0.082568, 0.985876, 0.37472, -0.074101, -0.992801, -0.0941, -0.0, 0.0, 0.0, 0.0, 1.0],
                [0.986549, -0.086765, 0.138541, 0.0, -0.145709, -0.082568, 0.985876, 0.37472, -0.074101, -0.992801, -0.0941, -0.0, 0.0, 0.0, 0.0, 1.0],
                [0.986549, -0.086765, 0.138541, -0.0, -0.145709, -0.082568, 0.985876, 0.37472, -0.074101, -0.992801, -0.0941, -0.0, 0.0, 0.0, 0.0, 1.0],
                [0.999518, 0.025966, 0.016999, -0.0, -0.027322, 0.996, 0.085077, 0.37472, -0.014722, -0.085501, 0.996229, -0.0, 0.0, 0.0, 0.0, 1.0],
                [0.999466, 0.027194, 0.018114, 0.0, -0.028887, 0.994478, 0.100895, 0.37472, -0.01527, -0.101364, 0.994732, 0.0, 0.0, 0.0, 0.0, 1.0],
                [0.999412, 0.028392, 0.019236, -0.0, -0.030444, 0.992725, 0.116489, 0.37472, -0.015788, -0.117006, 0.993006, 0.0, 0.0, 0.0, 0.0, 1.0],
                [0.999356, 0.029556, 0.02036, 0.0, -0.031988, 0.990759, 0.131808, 0.37472, -0.016276, -0.132375, 0.991066, 0.0, 0.0, 0.0, 0.0, 1.0],
                [0.999298, 0.030684, 0.021482, -0.0, -0.033511, 0.988598, 0.146801, 0.37472, -0.016732, -0.147418, 0.988933, 0.0, 0.0, 0.0, 0.0, 1.0],
                [0.99924, 0.031772, 0.022596, -0.0, -0.035009, 0.986265, 0.161418, 0.37472, -0.017157, -0.162087, 0.986627, -0.0, 0.0, 0.0, 0.0, 1.0],
                [0.99918, 0.032816, 0.023698, -0.0, -0.036476, 0.983784, 0.175611, 0.37472, -0.01755, -0.176331, 0.984174, -0.0, 0.0, 0.0, 0.0, 1.0],
                [0.999121, 0.033816, 0.024781, -0.0, -0.037904, 0.981181, 0.189331, 0.37472, -0.017912, -0.190104, 0.981601, -0.0, 0.0, 0.0, 0.0, 1.0],
                [0.999061, 0.034767, 0.025841, -0.0, -0.03929, 0.978487, 0.202534, 0.37472, -0.018243, -0.203359, 0.978934, 0.0, 0.0, 0.0, 0.0, 1.0],
                [0.999002, 0.035668, 0.026872, -0.0, -0.040625, 0.97573, 0.215174, 0.37472, -0.018544, -0.216051, 0.976206, 0.0, 0.0, 0.0, 0.0, 1.0],
                [0.998944, 0.036518, 0.027868, -0.0, -0.041906, 0.972944, 0.227208, 0.37472, -0.018816, -0.228136, 0.973448, 0.0, 0.0, 0.0, 0.0, 1.0],
                [0.998888, 0.037314, 0.028823, 0.0, -0.043126, 0.970161, 0.238594, 0.37472, -0.01906, -0.239572, 0.970692, 0.0, 0.0, 0.0, 0.0, 1.0],
                [0.998833, 0.038055, 0.029733, -0.0, -0.044279, 0.967416, 0.249292, 0.37472, -0.019278, -0.250318, 0.967972, -0.0, 0.0, 0.0, 0.0, 1.0],
                [0.998781, 0.038739, 0.030592, -0.0, -0.04536, 0.964741, 0.259261, 0.37472, -0.01947, -0.260333, 0.965323, 0.0, 0.0, 0.0, 0.0, 1.0],
                [0.998732, 0.039365, 0.031394, -0.0, -0.046363, 0.962174, 0.268462, 0.37472, -0.019638, -0.269577, 0.962779, 0.0, 0.0, 0.0, 0.0, 1.0],
                [0.998686, 0.039932, 0.032133, 0.0, -0.047283, 0.959747, 0.276858, 0.37472, -0.019784, -0.278014, 0.960373, -0.0, 0.0, 0.0, 0.0, 1.0],
                [0.998643, 0.040438, 0.032804, -0.0, -0.048115, 0.957495, 0.28441, 0.37472, -0.019909, -0.285603, 0.958141, 0.0, 0.0, 0.0, 0.0, 1.0],
                [0.998605, 0.040883, 0.033402, 0.0, -0.048852, 0.95545, 0.291081, 0.37472, -0.020014, -0.292307, 0.956115, 0.0, 0.0, 0.0, 0.0, 1.0],
                [0.998572, 0.041264, 0.033922, -0.0, -0.049491, 0.953646, 0.296833, 0.37472, -0.020101, -0.298088, 0.954327, -0.0, 0.0, 0.0, 0.0, 1.0],
                [0.998544, 0.04158, 0.034358, 0.0, -0.050025, 0.952112, 0.301628, 0.37472, -0.020171, -0.302907, 0.952807, 0.0, 0.0, 0.0, 0.0, 1.0],
                [0.998522, 0.041829, 0.034706, 0.0, -0.050449, 0.950878, 0.305428, 0.37472, -0.020225, -0.306727, 0.951583, 0.0, 0.0, 0.0, 0.0, 1.0],
                [0.998505, 0.04201, 0.03496, 0.0, -0.050759, 0.949969, 0.308193, 0.37472, -0.020263, -0.309507, 0.950681, -0.0, 0.0, 0.0, 0.0, 1.0],
                [0.998495, 0.042121, 0.035115, 0.0, -0.050948, 0.949409, 0.309883, 0.37472, -0.020286, -0.311206, 0.950126, 0.0, 0.0, 0.0, 0.0, 1.0],
                [0.998492, 0.042158, 0.035168, -0.0, -0.051013, 0.949218, 0.310456, 0.37472, -0.020294, -0.311782, 0.949937, 0.0, 0.0, 0.0, 0.0, 1.0]
            ]
        },
        {
            "name": "Knee_L",
            "time": [0.0, 0.1667, 0.3833, 0.8333, 0.9167, 1.0, 1.05, 1.1, 1.2667, 1.6667, 2.1167, 2.1333, 2.15, 2.1667, 2.1833, 2.2, 2.2167, 2.2333, 2.25, 2.2667, 2.2833, 2.3, 2.3167, 2.3333, 2.35, 2.3667, 2.3833, 2.4, 2.4167, 2.4333, 2.45, 2.4667, 2.4833, 2.5],
            "transform": [
                [1.0, 0.0, -0.0, -0.0, -0.0, 1e-06, -1.0, 0.37472, -0.0, 1.0, 1e-06, -0.0, 0.0, 0.0, 0.0, 1.0],
                [1.0, 0.0, -0.0, 0.0, -0.0, 1e-06, -1.0, 0.37472, -0.0, 1.0, 1e-06, 0.0, 0.0, 0.0, 0.0, 1.0],
                [1.0, 0.0, -0.0, 0.0, -0.0, 1e-06, -1.0, 0.37472, -0.0, 1.0, 1e-06, 0.0, 0.0, 0.0, 0.0, 1.0],
                [1.0, 0.0, -0.0, 0.0, -0.0, 1e-06, -1.0, 0.37472, -0.0, 1.0, 1e-06, 0.0, 0.0, 0.0, 0.0, 1.0],
                [1.0, 0.0, -0.0, 0.0, -0.0, 1e-06, -1.0, 0.37472, -0.0, 1.0, 1e-06, 0.0, 0.0, 0.0, 0.0, 1.0],
                [1.0, 0.0, -0.0, 0.0, -0.0, 1e-06, -1.0, 0.37472, -0.0, 1.0, 1e-06, 0.0, 0.0, 0.0, 0.0, 1.0],
                [1.0, 0.0, -0.0, 0.0, -0.0, 1e-06, -1.0, 0.37472, -0.0, 1.0, 1e-06, -0.0, 0.0, 0.0, 0.0, 1.0],
                [1.0, 0.0, -0.0, -0.0, -0.0, 1e-06, -1.0, 0.37472, -0.0, 1.0, 1e-06, -0.0, 0.0, 0.0, 0.0, 1.0],
                [1.0, 0.0, -0.0, 0.0, -0.0, 1e-06, -1.0, 0.37472, -0.0, 1.0, 1e-06, -0.0, 0.0, 0.0, 0.0, 1.0],
                [1.0, 0.0, -0.0, -0.0, -0.0, 1e-06, -1.0, 0.37472, -0.0, 1.0, 1e-06, -0.0, 0.0, 0.0, 0.0, 1.0],
                [1.0, 0.0, -0.0, -0.0, -0.0, 1e-06, -1.0, 0.37472, -0.0, 1.0, 1e-06, -0.0, 0.0, 0.0, 0.0, 1.0],
                [1.0, 0.0, -0.0, 0.0, -0.0, 1e-06, -1.0, 0.37472, -0.0, 1.0, 1e-06, 0.0, 0.0, 0.0, 0.0, 1.0],
                [1.0, 0.0, -0.0, -0.0, -0.0, 1e-06, -1.0, 0.37472, -0.0, 1.0, 1e-06, 0.0, 0.0, 0.0, 0.0, 1.0],
                [1.0, 0.0, -0.0, 0.0, -0.0, 1e-06, -1.0, 0.37472, -0.0, 1.0, 1e-06, 0.0, 0.0, 0.0, 0.0, 1.0],
                [1.0, 0.0, -0.0, -0.0, -0.0, 1e-06, -1.0, 0.37472, -0.0, 1.0, 1e-06, 0.0, 0.0, 0.0, 0.0, 1.0],
                [1.0, 0.0, -0.0, -0.0, -0.0, 1e-06, -1.0, 0.37472, -0.0, 1.0, 1e-06, -0.0, 0.0, 0.0, 0.0, 1.0],
                [1.0, 0.0, -0.0, -0.0, -0.0, 1e-06, -1.0, 0.37472, -0.0, 1.0, 1e-06, -0.0, 0.0, 0.0, 0.0, 1.0],
                [1.0, 0.0, -0.0, -0.0, -0.0, 1e-06, -1.0, 0.37472, -0.0, 1.0, 1e-06, -0.0, 0.0, 0.0, 0.0, 1.0],
                [1.0, 0.0, -0.0, -0.0, -0.0, 1e-06, -1.0, 0.37472, -0.0, 1.0, 1e-06, 0.0, 0.0, 0.0, 0.0, 1.0],
                [1.0, 0.0, -0.0, -0.0, -0.0, 1e-06, -1.0, 0.37472, -0.0, 1.0, 1e-06, 0.0, 0.0, 0.0, 0.0, 1.0],
                [1.0, 0.0, -0.0, -0.0, -0.0, 1e-06, -1.0, 0.37472, -0.0, 1.0, 1e-06, 0.0, 0.0, 0.0, 0.0, 1.0],
                [1.0, 0.0, -0.0, 0.0, -0.0, 1e-06, -1.0, 0.37472, -0.0, 1.0, 1e-06, 0.0, 0.0, 0.0, 0.0, 1.0],
                [1.0, 0.0, -0.0, -0.0, -0.0, 1e-06, -1.0, 0.37472, -0.0, 1.0, 1e-06, -0.0, 0.0, 0.0, 0.0, 1.0],
                [1.0, 0.0, -0.0, -0.0, -0.0, 1e-06, -1.0, 0.37472, -0.0, 1.0, 1e-06, 0.0, 0.0, 0.0, 0.0, 1.0],
                [1.0, 0.0, -0.0, -0.0, -0.0, 1e-06, -1.0, 0.37472, -0.0, 1.0, 1e-06, 0.0, 0.0, 0.0, 0.0, 1.0],
                [1.0, 0.0, -0.0, 0.0, -0.0, 1e-06, -1.0, 0.37472, -0.0, 1.0, 1e-06, -0.0, 0.0, 0.0, 0.0, 1.0],
                [1.0, 0.0, -0.0, -0.0, -0.0, 1e-06, -1.0, 0.37472, -0.0, 1.0, 1e-06, 0.0, 0.0, 0.0, 0.0, 1.0],
                [1.0, 0.0, -0.0, 0.0, -0.0, 1e-06, -1.0, 0.37472, -0.0, 1.0, 1e-06, 0.0, 0.0, 0.0, 0.0, 1.0],
                [1.0, 0.0, -0.0, -0.0, -0.0, 1e-06, -1.0, 0.37472, -0.0, 1.0, 1e-06, -0.0, 0.0, 0.0, 0.0, 1.0],
                [1.0, 0.0, -0.0, 0.0, -0.0, 1e-06, -1.0, 0.37472, -0.0, 1.0, 1e-06, 0.0, 0.0, 0.0, 0.0, 1.0],
                [1.0, 0.0, -0.0, 0.0, -0.0, 1e-06, -1.0, 0.37472, -0.0, 1.0, 1e-06, 0.0, 0.0, 0.0, 0.0, 1.0],
                [1.0, 0.0, -0.0, 0.0, -0.0, 1e-06, -1.0, 0.37472, -0.0, 1.0, 1e-06, -0.0, 0.0, 0.0, 0.0, 1.0],
                [1.0, 0.0, -0.0, 0.0, -0.0, 1e-06, -1.0, 0.37472, -0.0, 1.0, 1e-06, 0.0, 0.0, 0.0, 0.0, 1.0],
                [1.0, 0.0, -0.0, -0.0, -0.0, 1e-06, -1.0, 0.37472, -0.0, 1.0, 1e-06, 0.0, 0.0, 0.0, 0.0, 1.0]
            ]
        },
        {
            "name": "Torso",
            "time": [0.0, 0.1667, 0.3833, 0.8333, 0.9167, 1.0, 1.05, 1.1, 1.2667, 1.6667, 2.2333, 2.25, 2.2667, 2.2833, 2.3, 2.3167, 2.3333, 2.35, 2.3667, 2.3833, 2.4, 2.4167, 2.4333, 2.45, 2.4667, 2.4833, 2.5],
            "transform": [
                [0.986567, 0.015508, 0.162619, 0.0, -0.009375, 0.999218, -0.038414, 0.05, -0.163088, 0.036374, 0.985941, 0.0, 0.0, 0.0, 0.0, 1.0],
                [0.594805, -0.442775, 0.670938, -0.0, 0.112652, 0.87231, 0.475799, 0.05, -0.795938, -0.207425, 0.568734, -0.0, 0.0, 0.0, 0.0, 1.0],
                [0.727787, -0.462631, 0.506259, -0.0, 0.186462, 0.843875, 0.503097, 0.05, -0.659968, -0.27175, 0.700425, -0.0, 0.0, 0.0, 0.0, 1.0],
                [0.762634, -0.449737, 0.464894, -0.0, 0.199603, 0.847279, 0.492217, 0.05, -0.615263, -0.282587, 0.735933, -0.0, 0.0, 0.0, 0.0, 1.0],
                [0.927683, -0.163891, 0.335477, -0.0, 0.02267, 0.921578, 0.387531, 0.05, -0.372681, -0.351901, 0.858647, 0.0, 0.0, 0.0, 0.0, 1.0],
                [0.145182, 0.218838, -0.9649, 0.0, -0.040609, 0.975729, 0.215184, 0.05, 0.988571, 0.007942, 0.150545, 0.0, 0.0, 0.0, 0.0, 1.0],
                [0.145182, 0.218838, -0.9649, 0.0, -0.040609, 0.975729, 0.215184, 0.05, 0.988571, 0.007942, 0.150545, 0.0, 0.0, 0.0, 0.0, 1.0],
                [0.586564, -0.04513, -0.808644, 0.0, 0.033402, 0.998945, -0.031521, 0.05, 0.809214, -0.008521, 0.587453, 0.0, 0.0, 0.0, 0.0, 1.0],
                [0.660366, -0.228905, -0.715206, 0.0, 0.150368, 0.973427, -0.172712, 0.05, 0.735735, 0.006509, 0.677238, 0.0, 0.0, 0.0, 0.0, 1.0],
                [0.703245, -0.218709, -0.676471, -0.0, 0.150879, 0.975744, -0.158616, 0.05, 0.694753, 0.00948, 0.719186, -0.0, 0.0, 0.0, 0.0, 1.0],
                [0.997498, 0.020051, 0.067791, -0.0, -0.026562, 0.994973, 0.096552, 0.05, -0.065515, -0.098111, 0.993017, 0.0, 0.0, 0.0, 0.0, 1.0],
                [0.998012, 0.018235, 0.060322, -0.0, -0.023417, 0.995989, 0.086355, 0.05, -0.058505, -0.087596, 0.994437, 0.0, 0.0, 0.0, 0.0, 1.0],
                [0.99845, 0.016414, 0.053188, -0.0, -0.020464, 0.996858, 0.07652, 0.05, -0.051765, -0.077489, 0.995649, 0.0, 0.0, 0.0, 0.0, 1.0],
                [0.998816, 0.014604, 0.046412, -0.0, -0.017703, 0.99759, 0.06709, 0.05, -0.04532, -0.067832, 0.996667, 0.0, 0.0, 0.0, 0.0, 1.0],
                [0.999117, 0.012823, 0.040014, -0.0, -0.015138, 0.998196, 0.058107, 0.05, -0.039197, -0.058662, 0.997508, 0.0, 0.0, 0.0, 0.0, 1.0],
                [0.99936, 0.011088, 0.034016, -0.0, -0.012769, 0.998687, 0.049614, 0.05, -0.033421, -0.050017, 0.998189, 0.0, 0.0, 0.0, 0.0, 1.0],
                [0.999551, 0.009417, 0.028438, -0.0, -0.010598, 0.999076, 0.041652, 0.05, -0.028019, -0.041935, 0.998727, 0.0, 0.0, 0.0, 0.0, 1.0],
                [0.999698, 0.007829, 0.023299, -0.0, -0.008625, 0.999376, 0.034262, 0.05, -0.023016, -0.034453, 0.999141, 0.0, 0.0, 0.0, 0.0, 1.0],
                [0.999807, 0.00634, 0.018619, -0.0, -0.006851, 0.999599, 0.027484, 0.05, -0.018438, -0.027606, 0.999449, 0.0, 0.0, 0.0, 0.0, 1.0],
                [0.999884, 0.004969, 0.014418, -0.0, -0.005276, 0.999758, 0.021357, 0.05, -0.014308, -0.021431, 0.999668, 0.0, 0.0, 0.0, 0.0, 1.0],
                [0.999936, 0.003732, 0.010713, -0.0, -0.003903, 0.999866, 0.015922, 0.05, -0.010652, -0.015963, 0.999816, 0.0, 0.0, 0.0, 0.0, 1.0],
                [0.999968, 0.002646, 0.007524, -0.0, -0.00273, 0.999933, 0.011217, 0.05, -0.007494, -0.011237, 0.999909, 0.0, 0.0, 0.0, 0.0, 1.0],
                [0.999987, 0.001727, 0.00487, -0.0, -0.001762, 0.999972, 0.007281, 0.05, -0.004858, -0.00729, 0.999962, 0.0, 0.0, 0.0, 0.0, 1.0],
                [0.999996, 0.000989, 0.002771, -0.0, -0.001001, 0.999991, 0.004153, 0.05, -0.002767, -0.004156, 0.999988, 0.0, 0.0, 0.0, 0.0, 1.0],
                [0.999999, 0.000447, 0.001246, -0.0, -0.000449, 0.999998, 0.001871, 0.05, -0.001245, -0.001872, 0.999997, 0.0, 0.0, 0.0, 0.0, 1.0],
                [1.0, 0.000113, 0.000315, -0.0, -0.000114, 1.0, 0.000474, 0.05, -0.000315, -0.000474, 1.0, 0.0, 0.0, 0.0, 0.0, 1.0],
                [1.0, 0.0, 0.0, -0.0, 0.0, 1.0, 0.0, 0.05, 0.0, 0.0, 1.0, 0.0, 0.0, 0.0, 0.0, 1.0]
            ]
        },
        {
            "name": "Chest",
            "time": [0.0, 0.1667, 0.3833, 0.8333, 0.9167, 1.0, 1.05, 1.1, 1.2667, 1.6667, 2.1167, 2.1333, 2.15, 2.1667, 2.1833, 2.2, 2.2167, 2.2333, 2.25, 2.2667, 2.2833, 2.3, 2.3167, 2.3333, 2.35, 2.3667, 2.3833, 2.4, 2.4167, 2.4333, 2.45, 2.4667, 2.4833, 2.5],
            "transform": [
                [0.984194, 0.016812, 0.176292, 0.0, -0.016812, 0.999858, -0.001494, 0.3, -0.176292, -0.001494, 0.984337, -0.0, 0.0, 0.0, 0.0, 1.0],
                [0.902526, -0.281358, -0.326013, -0.0, 0.419952, 0.742629, 0.521673, 0.3, 0.09533, -0.607733, 0.788399, -0.0, 0.0, 0.0, 0.0, 1.0],
                [0.892404, -0.243059, -0.38018, 0.0, 0.412304, 0.781577, 0.468126, 0.3, 0.183358, -0.574508, 0.797697, -0.0, 0.0, 0.0, 0.0, 1.0],
                [0.884896, -0.198441, -0.421403, 0.0, 0.372441, 0.844759, 0.384279, 0.3, 0.279727, -0.496995, 0.821431, -0.0, 0.0, 0.0, 0.0, 1.0],
                [0.419346, -0.116173, -0.900363, -0.0, 0.205, 0.978279, -0.030747, 0.3, 0.884378, -0.17168, 0.434053, -0.0, 0.0, 0.0, 0.0, 1.0],
                [-0.0782, -0.036485, -0.99627, -0.0, -0.22692, 0.97375, -0.017849, 0.3, 0.970769, 0.224677, -0.084426, 0.0, 0.0, 0.0, 0.0, 1.0],
                [0.726669, -0.085058, -0.681702, -0.0, -0.201691, 0.922163, -0.330056, 0.3, 0.656714, 0.377334, 0.652951, -0.0, 0.0, 0.0, 0.0, 1.0],
                [0.951606, 0.042978, 0.3043, 0.0, 0.018693, 0.980245, -0.196904, 0.3, -0.306751, 0.193064, 0.932003, 0.0, 0.0, 0.0, 0.0, 1.0],
                [0.908046, 0.042186, 0.416741, -0.0, 0.023279, 0.988295, -0.150767, 0.3, -0.418223, 0.146605, 0.896435, 0.0, 0.0, 0.0, 0.0, 1.0],
                [0.91331, 0.032498, 0.405966, -0.0, 0.013333, 0.993891, -0.109557, 0.3, -0.407046, 0.105473, 0.907298, -0.0, 0.0, 0.0, 0.0, 1.0],
                [0.995753, 0.002203, 0.092044, 0.0, -0.021671, 0.977236, 0.211047, 0.3, -0.089484, -0.212145, 0.973133, 0.0, 0.0, 0.0, 0.0, 1.0],
                [0.996237, 0.002621, 0.086633, 0.0, -0.019868, 0.979832, 0.198834, 0.3, -0.084364, -0.199807, 0.976197, 0.0, 0.0, 0.0, 0.0, 1.0],
                [0.996699, 0.002975, 0.081132, -0.0, -0.018104, 0.982308, 0.186394, 0.3, -0.079142, -0.187247, 0.979119, -0.0, 0.0, 0.0, 0.0, 1.0],
                [0.997126, 0.003255, 0.075695, -0.0, -0.016428, 0.984595, 0.174074, 0.3, -0.073962, -0.174817, 0.981819, 0.0, 0.0, 0.0, 0.0, 1.0],
                [0.997515, 0.003462, 0.070366, -0.0, -0.01485, 0.986683, 0.161976, 0.3, -0.068869, -0.162618, 0.984283, 0.0, 0.0, 0.0, 0.0, 1.0],
                [0.997896, 0.003609, 0.064741, 0.0, -0.013254, 0.988722, 0.149178, 0.3, -0.063472, -0.149722, 0.986689, 0.0, 0.0, 0.0, 0.0, 1.0],
                [0.998213, 0.003678, 0.059638, -0.0, -0.011867, 0.990424, 0.137545, 0.3, -0.058561, -0.138007, 0.988698, 0.0, 0.0, 0.0, 0.0, 1.0],
                [0.998495, 0.003688, 0.054718, -0.0, -0.010585, 0.991934, 0.126309, 0.3, -0.05381, -0.126698, 0.990481, -0.0, 0.0, 0.0, 0.0, 1.0],
                [0.998745, 0.003644, 0.04995, 0.0, -0.009396, 0.993274, 0.115404, 0.3, -0.049194, -0.115728, 0.992062, 0.0, 0.0, 0.0, 0.0, 1.0],
                [0.998966, 0.003551, 0.04533, -0.0, -0.008291, 0.994457, 0.104816, 0.3, -0.044707, -0.105083, 0.993458, 0.0, 0.0, 0.0, 0.0, 1.0],
                [0.999159, 0.003413, 0.040858, -0.0, -0.007267, 0.995493, 0.094551, 0.3, -0.040351, -0.094768, 0.994681, 0.0, 0.0, 0.0, 0.0, 1.0],
                [0.999327, 0.003236, 0.036537, -0.0, -0.006321, 0.996393, 0.084617, 0.3, -0.036131, -0.084791, 0.995744, 0.0, 0.0, 0.0, 0.0, 1.0],
                [0.999471, 0.003025, 0.032371, -0.0, -0.005448, 0.997167, 0.075026, 0.3, -0.032053, -0.075163, 0.996656, -0.0, 0.0, 0.0, 0.0, 1.0],
                [0.999594, 0.002784, 0.028367, -0.0, -0.004646, 0.997823, 0.065792, 0.3, -0.028122, -0.065897, 0.99743, 0.0, 0.0, 0.0, 0.0, 1.0],
                [0.999696, 0.002517, 0.024528, -0.0, -0.003911, 0.998371, 0.056929, 0.3, -0.024345, -0.057008, 0.998077, -0.0, 0.0, 0.0, 0.0, 1.0],
                [0.99978, 0.002231, 0.020863, -0.0, -0.00324, 0.99882, 0.048454, 0.3, -0.02073, -0.048511, 0.998607, 0.0, 0.0, 0.0, 0.0, 1.0],
                [0.999847, 0.001929, 0.017378, 0.0, -0.00263, 0.999181, 0.040387, 0.3, -0.017286, -0.040426, 0.999033, 0.0, 0.0, 0.0, 0.0, 1.0],
