{
    "animation": [
        {
            "name": "Root",
            "time": [0.0, 0.1667, 0.2667, 0.6667, 0.7667, 0.8333, 1.0, 1.0833, 1.1667, 1.2333, 1.3333, 1.4, 1.4833, 1.55, 1.65, 1.7333, 1.8333, 1.9, 2.0, 2.1667, 2.5, 2.5667, 2.7333, 2.8, 2.9, 3.1167, 3.5667, 4.0667, 4.3667],
            "transform": [
                [0.944309, 0.0, -0.32906, -5e-06, -0.32906, 0.0, -0.944309, 0.000946, 0.0, 1.0, 0.0, 0.72957, 0.0, 0.0, 0.0, 1.0],
                [0.944309, 0.0, -0.32906, -5e-06, -0.32906, 0.0, -0.944309, 0.000946, 0.0, 1.0, 0.0, 0.72957, 0.0, 0.0, 0.0, 1.0],
                [0.944309, 0.0, -0.32906, -5e-06, -0.32906, 0.0, -0.944309, 0.000946, 0.0, 1.0, 0.0, 0.72957, 0.0, 0.0, 0.0, 1.0],
                [0.999987, 0.0, -0.005131, -5e-06, -0.005131, 0.0, -0.999987, 0.000946, 0.0, 1.0, 0.0, 0.384949, 0.0, 0.0, 0.0, 1.0],
                [0.999987, 0.0, -0.005131, -5e-06, -0.005131, 0.0, -0.999987, 0.000946, 0.0, 1.0, 0.0, 0.384949, 0.0, 0.0, 0.0, 1.0],
                [0.999987, 0.0, -0.005131, -5e-06, -0.005131, 0.0, -0.999987, 0.000946, 0.0, 1.0, 0.0, 0.384949, 0.0, 0.0, 0.0, 1.0],
                [1.0, 0.0, 0.0, -5e-06, 0.0, 0.0, -1.0, 0.000946, 0.0, 1.0, 0.0, 0.37957, 0.0, 0.0, 0.0, 1.0],
                [0.999987, 0.0, -0.005131, -5e-06, -0.005131, 0.0, -0.999987, 0.000946, 0.0, 1.0, 0.0, 0.384949, 0.0, 0.0, 0.0, 1.0],
                [0.999987, 0.0, -0.005131, -5e-06, -0.005131, 0.0, -0.999987, 0.000946, 0.0, 1.0, 0.0, 0.384949, 0.0, 0.0, 0.0, 1.0],
                [0.999987, 0.0, -0.005131, -5e-06, -0.005131, 0.0, -0.999987, 0.000946, 0.0, 1.0, 0.0, 0.384949, 0.0, 0.0, 0.0, 1.0],
                [0.999987, 0.0, -0.005131, -5e-06, -0.005131, 0.0, -0.999987, 0.000946, 0.0, 1.0, 0.0, 0.384949, 0.0, 0.0, 0.0, 1.0],
                [0.999987, 0.0, -0.005131, -5e-06, -0.005131, 0.0, -0.999987, 0.000946, 0.0, 1.0, 0.0, 0.384949, 0.0, 0.0, 0.0, 1.0],
                [0.999987, 0.0, -0.005131, -5e-06, -0.005131, 0.0, -0.999987, 0.000946, 0.0, 1.0, 0.0, 0.384949, 0.0, 0.0, 0.0, 1.0],
                [0.999987, 0.0, -0.005131, -5e-06, -0.005131, 0.0, -0.999987, 0.000946, 0.0, 1.0, 0.0, 0.384949, 0.0, 0.0, 0.0, 1.0],
                [0.999987, 0.0, -0.005131, -5e-06, -0.005131, 0.0, -0.999987, 0.000946, 0.0, 1.0, 0.0, 0.384949, 0.0, 0.0, 0.0, 1.0],
                [0.999987, 0.0, -0.005131, -5e-06, -0.005131, 0.0, -0.999987, 0.000946, 0.0, 1.0, 0.0, 0.384949, 0.0, 0.0, 0.0, 1.0],
                [0.999987, 0.0, -0.005131, -5e-06, -0.005131, 0.0, -0.999987, 0.000946, 0.0, 1.0, 0.0, 0.384949, 0.0, 0.0, 0.0, 1.0],
                [0.999987, 0.0, -0.005131, -5e-06, -0.005131, 0.0, -0.999987, 0.000946, 0.0, 1.0, 0.0, 0.384949, 0.0, 0.0, 0.0, 1.0],
                [0.999987, 0.0, -0.005131, -5e-06, -0.005131, 0.0, -0.999987, 0.000946, 0.0, 1.0, 0.0, 0.384949, 0.0, 0.0, 0.0, 1.0],
                [1.0, 0.0, 0.0, -5e-06, 0.0, 0.0, -1.0, 0.000946, 0.0, 1.0, 0.0, 0.37957, 0.0, 0.0, 0.0, 1.0],
                [0.999987, 0.0, -0.005131, -5e-06, -0.005131, 0.0, -0.999987, 0.000946, 0.0, 1.0, 0.0, 0.384949, 0.0, 0.0, 0.0, 1.0],
                [1.0, 0.0, 0.0, -5e-06, 0.0, 0.0, -1.0, 8.880946, 0.0, 1.0, 0.0, 1.167622, 0.0, 0.0, 0.0, 1.0],
                [1.0, 0.0, 0.0, -5e-06, 0.0, 0.0, -1.0, 9.300946, 0.0, 1.0, 0.0, 1.167622, 0.0, 0.0, 0.0, 1.0],
                [0.388605, 0.0, 0.921404, -5e-06, 0.921404, 0.0, -0.388605, 9.730946, 0.0, 1.0, 0.0, 0.592205, 0.0, 0.0, 0.0, 1.0],
                [0.126014, 0.0, 0.992028, -5e-06, 0.992028, 0.0, -0.126014, 9.800946, 0.0, 1.0, 0.0, 0.450706, 0.0, 0.0, 0.0, 1.0],
                [0.129686, 0.0, 0.991555, -5e-06, 0.991555, 0.0, -0.129686, 10.000946, 0.0, 1.0, 0.0, 0.452721, 0.0, 0.0, 0.0, 1.0],
                [0.207381, 0.0, 0.97826, -5e-06, 0.97826, 0.0, -0.207381, 10.000946, 0.0, 1.0, 0.0, 0.452721, 0.0, 0.0, 0.0, 1.0],
                [0.944309, 0.0, -0.32906, -5e-06, -0.32906, 0.0, -0.944309, 10.000946, 0.0, 1.0, 0.0, 0.72957, 0.0, 0.0, 0.0, 1.0],
                [0.944309, 0.0, -0.32906, -5e-06, -0.32906, 0.0, -0.944309, 10.000946, 0.0, 1.0, 0.0, 0.72957, 0.0, 0.0, 0.0, 1.0]
            ]
        },
        {
            "name": "Thigh_R",
            "time": [0.0, 0.1667, 0.2667, 0.6667, 0.7667, 0.8333, 1.0, 1.0833, 1.1667, 1.2333, 1.3333, 1.4, 1.4833, 1.55, 1.65, 1.7333, 1.8333, 1.9, 2.0, 2.1667, 2.5, 2.5667, 2.7333, 2.8, 2.9, 3.5667, 3.9833, 4.0, 4.0167, 4.0333, 4.05, 4.0667, 4.0833, 4.1, 4.1167, 4.1333, 4.15, 4.1667, 4.1833, 4.2, 4.2167, 4.2333, 4.25, 4.2667, 4.2833, 4.3, 4.3167, 4.3333, 4.35, 4.3667],
            "transform": [
                [0.975823, 0.099713, 0.194492, 0.124994, 0.098752, -0.995004, 0.014654, -0.002831, 0.194981, 0.004908, -0.980795, -1.2e-05, 0.0, 0.0, 0.0, 1.0],
                [0.975823, 0.099713, 0.194492, 0.124994, 0.098752, -0.995004, 0.014654, -0.002831, 0.194981, 0.004908, -0.980795, -1.2e-05, 0.0, 0.0, 0.0, 1.0],
                [0.975823, 0.099713, 0.194492, 0.124994, 0.098752, -0.995004, 0.014654, -0.002831, 0.194981, 0.004908, -0.980795, -1.2e-05, 0.0, 0.0, 0.0, 1.0],
                [0.951415, 0.199371, 0.234649, 0.124994, -0.186842, -0.231911, 0.954624, -0.002831, 0.244742, -0.952086, -0.183393, -1.2e-05, 0.0, 0.0, 0.0, 1.0],
                [0.951415, 0.199371, 0.234649, 0.124994, -0.186842, -0.231911, 0.954624, -0.002831, 0.244742, -0.952086, -0.183393, -1.2e-05, 0.0, 0.0, 0.0, 1.0],
                [0.951415, 0.199371, 0.234649, 0.124994, -0.186842, -0.231911, 0.954624, -0.002831, 0.244742, -0.952086, -0.183393, -1.2e-05, 0.0, 0.0, 0.0, 1.0],
                [0.951199, 0.200999, 0.234137, 0.124994, -0.190797, -0.213239, 0.958188, -0.002831, 0.242522, -0.956101, -0.164483, -1.2e-05, 0.0, 0.0, 0.0, 1.0],
                [0.951415, 0.199371, 0.234649, 0.124994, -0.186842, -0.231911, 0.954624, -0.002831, 0.244742, -0.952086, -0.183393, -1.2e-05, 0.0, 0.0, 0.0, 1.0],
                [0.951415, 0.199371, 0.234649, 0.124994, -0.186842, -0.231911, 0.954624, -0.002831, 0.244742, -0.952086, -0.183393, -1.2e-05, 0.0, 0.0, 0.0, 1.0],
                [0.951415, 0.199371, 0.234649, 0.124994, -0.186842, -0.231911, 0.954624, -0.002831, 0.244742, -0.952086, -0.183393, -1.2e-05, 0.0, 0.0, 0.0, 1.0],
                [0.951415, 0.199371, 0.234649, 0.124994, -0.186842, -0.231911, 0.954624, -0.002831, 0.244742, -0.952086, -0.183393, -1.2e-05, 0.0, 0.0, 0.0, 1.0],
                [0.951415, 0.199371, 0.234649, 0.124994, -0.186842, -0.231911, 0.954624, -0.002831, 0.244742, -0.952086, -0.183393, -1.2e-05, 0.0, 0.0, 0.0, 1.0],
                [0.951415, 0.199371, 0.234649, 0.124994, -0.186842, -0.231911, 0.954624, -0.002831, 0.244742, -0.952086, -0.183393, -1.2e-05, 0.0, 0.0, 0.0, 1.0],
                [0.951415, 0.199371, 0.234649, 0.124994, -0.186842, -0.231911, 0.954624, -0.002831, 0.244742, -0.952086, -0.183393, -1.2e-05, 0.0, 0.0, 0.0, 1.0],
                [0.951415, 0.199371, 0.234649, 0.124994, -0.186842, -0.231911, 0.954624, -0.002831, 0.244742, -0.952086, -0.183393, -1.2e-05, 0.0, 0.0, 0.0, 1.0],
                [0.951415, 0.199371, 0.234649, 0.124994, -0.186842, -0.231911, 0.954624, -0.002831, 0.244742, -0.952086, -0.183393, -1.2e-05, 0.0, 0.0, 0.0, 1.0],
                [0.951415, 0.199371, 0.234649, 0.124994, -0.186842, -0.231911, 0.954624, -0.002831, 0.244742, -0.952086, -0.183393, -1.2e-05, 0.0, 0.0, 0.0, 1.0],
                [0.951415, 0.199371, 0.234649, 0.124994, -0.186842, -0.231911, 0.954624, -0.002831, 0.244742, -0.952086, -0.183393, -1.2e-05, 0.0, 0.0, 0.0, 1.0],
                [0.951415, 0.199371, 0.234649, 0.124994, -0.186842, -0.231911, 0.954624, -0.002831, 0.244742, -0.952086, -0.183393, -1.2e-05, 0.0, 0.0, 0.0, 1.0],
                [0.951199, 0.200999, 0.234137, 0.124994, -0.190797, -0.213239, 0.958188, -0.002831, 0.242522, -0.956101, -0.164483, -1.2e-05, 0.0, 0.0, 0.0, 1.0],
                [0.951415, 0.199371, 0.234649, 0.124994, -0.186842, -0.231911, 0.954624, -0.002831, 0.244742, -0.952086, -0.183393, -1.2e-05, 0.0, 0.0, 0.0, 1.0],
                [0.995825, 0.040089, 0.082009, 0.106744, -0.040124, -0.614719, 0.787725, 0.055742, 0.081992, -0.787726, -0.610545, 0.049587, 0.0, 0.0, 0.0, 1.0],
                [0.964593, 0.227826, 0.132871, 0.110607, -0.013767, -0.459611, 0.888013, 0.043343, 0.263382, -0.858401, -0.440202, 0.039088, 0.0, 0.0, 0.0, 1.0],
                [0.408345, 0.843129, 0.34984, 0.122343, 0.062633, -0.408224, 0.91073, 0.005678, 0.910676, -0.349981, -0.219504, 0.007194, 0.0, 0.0, 0.0, 1.0],
                [0.255675, 0.894081, 0.367762, 0.124994, 0.071179, -0.396782, 0.915149, -0.002831, 0.964139, -0.207804, -0.165088, -1.2e-05, 0.0, 0.0, 0.0, 1.0],
                [0.304879, 0.883496, 0.355644, 0.123928, 0.071287, -0.393544, 0.916537, 0.00059, 0.949719, -0.254081, -0.182965, 0.002884, 0.0, 0.0, 0.0, 1.0],
                [0.982977, 0.132002, 0.12779, 0.124994, 0.078636, -0.930901, 0.356706, -0.002831, 0.166046, -0.340585, -0.925435, -1.1e-05, 0.0, 0.0, 0.0, 1.0],
                [0.982577, 0.130754, 0.13208, 0.124994, 0.079539, -0.938136, 0.337008, -0.002831, 0.167975, -0.32063, -0.932191, -1.2e-05, 0.0, 0.0, 0.0, 1.0],
                [0.982167, 0.129396, 0.136401, 0.124994, 0.080496, -0.94504, 0.31689, -0.002831, 0.169908, -0.300258, -0.938603, -1.1e-05, 0.0, 0.0, 0.0, 1.0],
                [0.981758, 0.127966, 0.140629, 0.124994, 0.08148, -0.95142, 0.296919, -0.002831, 0.171793, -0.280044, -0.944491, -1.3e-05, 0.0, 0.0, 0.0, 1.0],
                [0.981354, 0.126481, 0.144732, 0.124994, 0.082481, -0.957244, 0.277273, -0.002831, 0.173613, -0.260165, -0.949828, -1.3e-05, 0.0, 0.0, 0.0, 1.0],
                [0.980924, 0.124825, 0.149017, 0.124994, 0.083576, -0.962934, 0.256462, -0.002831, 0.175506, -0.239115, -0.954998, -1.3e-05, 0.0, 0.0, 0.0, 1.0],
                [0.980532, 0.123246, 0.152862, 0.124994, 0.084602, -0.967689, 0.237528, -0.002831, 0.177198, -0.219971, -0.959278, -1.3e-05, 0.0, 0.0, 0.0, 1.0],
                [0.980152, 0.121655, 0.156531, 0.124994, 0.085621, -0.971909, 0.219229, -0.002831, 0.178804, -0.201475, -0.963035, -1.3e-05, 0.0, 0.0, 0.0, 1.0],
                [0.979782, 0.12005, 0.160048, 0.124994, 0.086636, -0.975657, 0.201465, -0.002831, 0.180338, -0.183526, -0.966331, -1.3e-05, 0.0, 0.0, 0.0, 1.0],
                [0.979421, 0.118437, 0.163421, 0.124994, 0.087644, -0.978969, 0.184222, -0.002831, 0.181802, -0.166108, -0.969204, -1.3e-05, 0.0, 0.0, 0.0, 1.0],
                [0.979071, 0.11682, 0.166651, 0.124994, 0.088643, -0.981877, 0.16751, -0.002831, 0.183199, -0.149232, -0.971683, -1.3e-05, 0.0, 0.0, 0.0, 1.0],
                [0.978731, 0.115209, 0.16974, 0.124994, 0.089629, -0.984408, 0.151349, -0.002831, 0.18453, -0.132916, -0.973798, -1.3e-05, 0.0, 0.0, 0.0, 1.0],
                [0.978403, 0.11361, 0.172686, 0.124994, 0.090599, -0.98659, 0.13576, -0.002831, 0.185794, -0.117183, -0.975576, -1.3e-05, 0.0, 0.0, 0.0, 1.0],
                [0.978086, 0.11203, 0.175489, 0.124994, 0.09155, -0.98845, 0.120767, -0.002831, 0.186992, -0.102054, -0.977046, -1.3e-05, 0.0, 0.0, 0.0, 1.0],
                [0.977782, 0.110479, 0.178149, 0.124994, 0.092477, -0.990014, 0.106394, -0.002831, 0.188124, -0.087555, -0.978235, -1.3e-05, 0.0, 0.0, 0.0, 1.0],
                [0.977491, 0.108962, 0.180663, 0.124994, 0.093376, -0.991309, 0.092668, -0.002831, 0.189191, -0.073712, -0.97917, -1.3e-05, 0.0, 0.0, 0.0, 1.0],
                [0.977213, 0.10749, 0.183031, 0.124994, 0.094244, -0.99236, 0.079621, -0.002831, 0.190191, -0.060557, -0.979878, -1.3e-05, 0.0, 0.0, 0.0, 1.0],
                [0.97695, 0.106071, 0.185249, 0.124994, 0.095076, -0.993193, 0.067289, -0.002831, 0.191125, -0.048124, -0.980385, -1.3e-05, 0.0, 0.0, 0.0, 1.0],
                [0.976703, 0.104715, 0.187312, 0.124994, 0.095867, -0.993834, 0.055715, -0.002831, 0.191991, -0.03646, -0.980719, -1.3e-05, 0.0, 0.0, 0.0, 1.0],
                [0.976473, 0.103433, 0.189214, 0.124994, 0.096611, -0.994306, 0.044957, -0.002831, 0.192787, -0.025619, -0.980906, -1.3e-05, 0.0, 0.0, 0.0, 1.0],
                [0.976257, 0.102212, 0.190985, 0.124994, 0.097317, -0.994642, 0.034864, -0.002831, 0.193525, -0.01545, -0.980974, -1.3e-05, 0.0, 0.0, 0.0, 1.0],
                [0.976058, 0.101075, 0.192598, 0.124994, 0.097971, -0.99486, 0.025603, -0.002831, 0.194196, -0.006121, -0.980943, -1.3e-05, 0.0, 0.0, 0.0, 1.0],
                [0.975894, 0.100128, 0.19392, 0.124994, 0.098514, -0.994973, 0.017971, -0.002831, 0.194744, 0.001566, -0.980853, -1.3e-05, 0.0, 0.0, 0.0, 1.0],
                [0.975823, 0.099713, 0.194492, 0.124994, 0.098752, -0.995004, 0.014654, -0.002831, 0.194981, 0.004908, -0.980795, -1.3e-05, 0.0, 0.0, 0.0, 1.0]
            ]
        },
        {
            "name": "Leg_R",
            "time": [0.0, 0.1667, 0.2667, 0.6667, 0.7667, 0.8333, 1.0, 1.0833, 1.1667, 1.2333, 1.3333, 1.4, 1.4833, 1.55, 1.65, 1.7333, 1.8333, 1.9, 2.0, 2.1667, 2.5, 2.5667, 2.7333, 2.8, 2.9, 3.5667, 3.9833, 4.0, 4.0167, 4.0333, 4.05, 4.0667, 4.0833, 4.1, 4.1167, 4.1333, 4.15, 4.1667, 4.1833, 4.2, 4.2167, 4.2333, 4.25, 4.2667, 4.2833, 4.3, 4.3167, 4.3333, 4.35, 4.3667],
            "transform": [
                [0.999719, -0.023657, -0.001445, 0.0, 0.02313, 0.960496, 0.277332, 0.37472, -0.005173, -0.277288, 0.960773, 0.0, 0.0, 0.0, 0.0, 1.0],
                [0.999719, -0.023657, -0.001445, 0.0, 0.02313, 0.960496, 0.277332, 0.37472, -0.005173, -0.277288, 0.960773, 0.0, 0.0, 0.0, 0.0, 1.0],
                [0.999719, -0.023657, -0.001445, 0.0, 0.02313, 0.960496, 0.277332, 0.37472, -0.005173, -0.277288, 0.960773, 0.0, 0.0, 0.0, 0.0, 1.0],
                [0.976649, 0.139957, -0.163002, 0.0, 0.047435, 0.599507, 0.798963, 0.37472, 0.209541, -0.788038, 0.578869, -0.0, 0.0, 0.0, 0.0, 1.0],
                [0.976649, 0.139957, -0.163002, 0.0, 0.047435, 0.599507, 0.798963, 0.37472, 0.209541, -0.788038, 0.578869, -0.0, 0.0, 0.0, 0.0, 1.0],
                [0.976649, 0.139957, -0.163002, 0.0, 0.047435, 0.599507, 0.798963, 0.37472, 0.209541, -0.788038, 0.578869, -0.0, 0.0, 0.0, 0.0, 1.0],
                [0.975726, 0.144067, -0.164933, 0.0, 0.049292, 0.589332, 0.806386, 0.37472, 0.213374, -0.794942, 0.567925, 0.0, 0.0, 0.0, 0.0, 1.0],
                [0.976649, 0.139957, -0.163002, 0.0, 0.047435, 0.599507, 0.798963, 0.37472, 0.209541, -0.788038, 0.578869, -0.0, 0.0, 0.0, 0.0, 1.0],
                [0.976649, 0.139957, -0.163002, 0.0, 0.047435, 0.599507, 0.798963, 0.37472, 0.209541, -0.788038, 0.578869, -0.0, 0.0, 0.0, 0.0, 1.0],
                [0.976649, 0.139957, -0.163002, 0.0, 0.047435, 0.599507, 0.798963, 0.37472, 0.209541, -0.788038, 0.578869, -0.0, 0.0, 0.0, 0.0, 1.0],
                [0.976649, 0.139957, -0.163002, 0.0, 0.047435, 0.599507, 0.798963, 0.37472, 0.209541, -0.788038, 0.578869, -0.0, 0.0, 0.0, 0.0, 1.0],
                [0.976649, 0.139957, -0.163002, 0.0, 0.047435, 0.599507, 0.798963, 0.37472, 0.209541, -0.788038, 0.578869, -0.0, 0.0, 0.0, 0.0, 1.0],
                [0.976649, 0.139957, -0.163002, 0.0, 0.047435, 0.599507, 0.798963, 0.37472, 0.209541, -0.788038, 0.578869, -0.0, 0.0, 0.0, 0.0, 1.0],
                [0.976649, 0.139957, -0.163002, 0.0, 0.047435, 0.599507, 0.798963, 0.37472, 0.209541, -0.788038, 0.578869, -0.0, 0.0, 0.0, 0.0, 1.0],
                [0.976649, 0.139957, -0.163002, 0.0, 0.047435, 0.599507, 0.798963, 0.37472, 0.209541, -0.788038, 0.578869, -0.0, 0.0, 0.0, 0.0, 1.0],
                [0.976649, 0.139957, -0.163002, 0.0, 0.047435, 0.599507, 0.798963, 0.37472, 0.209541, -0.788038, 0.578869, -0.0, 0.0, 0.0, 0.0, 1.0],
                [0.976649, 0.139957, -0.163002, 0.0, 0.047435, 0.599507, 0.798963, 0.37472, 0.209541, -0.788038, 0.578869, -0.0, 0.0, 0.0, 0.0, 1.0],
                [0.976649, 0.139957, -0.163002, 0.0, 0.047435, 0.599507, 0.798963, 0.37472, 0.209541, -0.788038, 0.578869, -0.0, 0.0, 0.0, 0.0, 1.0],
                [0.976649, 0.139957, -0.163002, 0.0, 0.047435, 0.599507, 0.798963, 0.37472, 0.209541, -0.788038, 0.578869, -0.0, 0.0, 0.0, 0.0, 1.0],
                [0.975726, 0.144067, -0.164933, 0.0, 0.049292, 0.589332, 0.806386, 0.37472, 0.213374, -0.794942, 0.567925, 0.0, 0.0, 0.0, 0.0, 1.0],
                [0.976649, 0.139957, -0.163002, 0.0, 0.047435, 0.599507, 0.798963, 0.37472, 0.209541, -0.788038, 0.578869, -0.0, 0.0, 0.0, 0.0, 1.0],
                [0.904219, 0.232401, -0.358299, 0.0, 0.405033, -0.200644, 0.892015, 0.37472, 0.135414, -0.951699, -0.275556, -1e-06, 0.0, 0.0, 0.0, 1.0],
                [0.898996, 0.102621, -0.425764, 0.0, 0.437731, -0.241784, 0.865986, 0.374719, -0.014075, -0.964888, -0.262283, 0.0, 0.0, 0.0, 0.0, 1.0],
                [0.989915, -0.009083, -0.141371, 0.0, 0.114635, 0.637674, 0.761729, 0.37472, 0.083229, -0.770253, 0.632285, 0.0, 0.0, 0.0, 0.0, 1.0],
                [0.99747, 0.014566, -0.069574, -0.0, 0.030058, 0.800532, 0.598536, 0.37472, 0.064415, -0.599113, 0.798069, 0.0, 0.0, 0.0, 0.0, 1.0],
                [0.995172, 0.007351, -0.097874, 0.0, 0.060173, 0.742111, 0.667571, 0.374721, 0.077541, -0.670237, 0.738086, -1e-06, 0.0, 0.0, 0.0, 1.0],
                [0.999485, -0.010744, -0.03025, 0.0, 0.022203, 0.911951, 0.409698, 0.37472, 0.023185, -0.410158, 0.91172, 0.0, 0.0, 0.0, 0.0, 1.0],
                [0.99953, -0.011757, -0.02832, 0.0, 0.022128, 0.915921, 0.400748, 0.37472, 0.021228, -0.401187, 0.91575, 1e-06, 0.0, 0.0, 0.0, 1.0],
                [0.99957, -0.01274, -0.026407, -1e-06, 0.022075, 0.919748, 0.391887, 0.37472, 0.019296, -0.392301, 0.919634, -0.0, 0.0, 0.0, 0.0, 1.0],
                [0.999606, -0.013689, -0.024517, -0.0, 0.022043, 0.923426, 0.383142, 0.37472, 0.017394, -0.383531, 0.923364, -1e-06, 0.0, 0.0, 0.0, 1.0],
                [0.999637, -0.014604, -0.022655, -0.0, 0.02203, 0.926948, 0.374542, 0.37472, 0.01553, -0.374905, 0.926933, 0.0, 0.0, 0.0, 0.0, 1.0],
                [0.999663, -0.015481, -0.020828, -0.0, 0.022035, 0.930308, 0.366117, 0.37472, 0.013709, -0.366452, 0.930336, 0.0, 0.0, 0.0, 0.0, 1.0],
                [0.999685, -0.01632, -0.019044, -1e-06, 0.022057, 0.933501, 0.357894, 0.37472, 0.011937, -0.358202, 0.933568, -0.0, 0.0, 0.0, 0.0, 1.0],
                [0.999704, -0.017119, -0.017308, -0.0, 0.022095, 0.936525, 0.349904, 0.37472, 0.010219, -0.350183, 0.936625, -1e-06, 0.0, 0.0, 0.0, 1.0],
                [0.999718, -0.017876, -0.015627, -1e-06, 0.022146, 0.939375, 0.342177, 0.37472, 0.008562, -0.342426, 0.939506, 1e-06, 0.0, 0.0, 0.0, 1.0],
                [0.999729, -0.018591, -0.014007, 0.0, 0.022208, 0.942049, 0.33474, 0.37472, 0.006972, -0.33496, 0.942207, -1e-06, 0.0, 0.0, 0.0, 1.0],
                [0.999737, -0.019262, -0.012456, 0.0, 0.02228, 0.944546, 0.327623, 0.37472, 0.005454, -0.327814, 0.944726, 1e-06, 0.0, 0.0, 0.0, 1.0],
                [0.999742, -0.019889, -0.010979, -0.0, 0.02236, 0.946864, 0.320856, 0.37472, 0.004014, -0.321018, 0.947064, -1e-06, 0.0, 0.0, 0.0, 1.0],
                [0.999744, -0.02047, -0.009583, 0.0, 0.022445, 0.949003, 0.314467, 0.37472, 0.002657, -0.314602, 0.94922, -0.0, 0.0, 0.0, 0.0, 1.0],
                [0.999745, -0.021005, -0.008276, 0.0, 0.022534, 0.950962, 0.308486, 0.37472, 0.00139, -0.308593, 0.951193, -2e-06, 0.0, 0.0, 0.0, 1.0],
                [0.999744, -0.021494, -0.007062, -0.0, 0.022623, 0.952741, 0.302941, 0.37472, 0.000217, -0.303023, 0.952983, 0.0, 0.0, 0.0, 0.0, 1.0],
                [0.999742, -0.021935, -0.00595, 0.0, 0.022712, 0.954339, 0.29786, 0.37472, -0.000855, -0.297919, 0.954591, -1e-06, 0.0, 0.0, 0.0, 1.0],
                [0.999739, -0.022328, -0.004945, -0.0, 0.022796, 0.955757, 0.293274, 0.37472, -0.001822, -0.29331, 0.956016, -1e-06, 0.0, 0.0, 0.0, 1.0],
                [0.999735, -0.022673, -0.004053, -0.0, 0.022876, 0.956993, 0.289209, 0.37472, -0.002678, -0.289225, 0.957258, 1e-06, 0.0, 0.0, 0.0, 1.0],
                [0.999731, -0.022967, -0.003282, -1e-06, 0.022947, 0.958046, 0.285693, 0.37472, -0.003417, -0.285692, 0.958316, 0.0, 0.0, 0.0, 0.0, 1.0],
                [0.999727, -0.023211, -0.002637, 1e-06, 0.02301, 0.958916, 0.282756, 0.37472, -0.004034, -0.282739, 0.959188, -2e-06, 0.0, 0.0, 0.0, 1.0],
                [0.999724, -0.023404, -0.002125, -0.0, 0.02306, 0.959599, 0.280423, 0.37472, -0.004524, -0.280395, 0.959874, 0.0, 0.0, 0.0, 0.0, 1.0],
                [0.999721, -0.023543, -0.001751, 0.0, 0.023098, 0.960094, 0.278724, 0.37472, -0.004881, -0.278687, 0.96037, 1e-06, 0.0, 0.0, 0.0, 1.0],
                [0.99972, -0.023628, -0.001523, 0.0, 0.023122, 0.960394, 0.277684, 0.37472, -0.005099, -0.277642, 0.960671, 0.0, 0.0, 0.0, 0.0, 1.0],
                [0.999719, -0.023657, -0.001445, -0.0, 0.02313, 0.960496, 0.277332, 0.37472, -0.005173, -0.277288, 0.960773, -0.0, 0.0, 0.0, 0.0, 1.0]
            ]
        },
        {
            "name": "Knee_R",
            "time": [0.0, 0.1667, 0.2667, 0.6667, 0.7667, 0.8333, 1.0, 1.0833, 1.1667, 1.2333, 1.3333, 1.4, 1.4833, 1.55, 1.65, 1.7333, 1.8333, 1.9, 2.0, 2.1667, 2.5, 2.5667, 2.7333, 2.8, 2.9, 3.5667, 3.9833, 4.0, 4.0167, 4.0333, 4.05, 4.0667, 4.0833, 4.1, 4.1167, 4.1333, 4.15, 4.1667, 4.1833, 4.2, 4.2167, 4.2333, 4.25, 4.2667, 4.2833, 4.3, 4.3167, 4.3333, 4.35, 4.3667],
            "transform": [
                [1.0, 0.0, -0.0, 0.0, -0.0, 1e-06, -1.0, 0.37472, -0.0, 1.0, 1e-06, 0.0, 0.0, 0.0, 0.0, 1.0],
                [1.0, 0.0, -0.0, 0.0, -0.0, 1e-06, -1.0, 0.37472, -0.0, 1.0, 1e-06, 0.0, 0.0, 0.0, 0.0, 1.0],
                [1.0, 0.0, -0.0, 0.0, -0.0, 1e-06, -1.0, 0.37472, -0.0, 1.0, 1e-06, 0.0, 0.0, 0.0, 0.0, 1.0],
                [1.0, 0.0, -0.0, 0.0, -0.0, 1e-06, -1.0, 0.37472, -0.0, 1.0, 1e-06, -0.0, 0.0, 0.0, 0.0, 1.0],
                [1.0, 0.0, -0.0, 0.0, -0.0, 1e-06, -1.0, 0.37472, -0.0, 1.0, 1e-06, -0.0, 0.0, 0.0, 0.0, 1.0],
                [1.0, 0.0, -0.0, 0.0, -0.0, 1e-06, -1.0, 0.37472, -0.0, 1.0, 1e-06, -0.0, 0.0, 0.0, 0.0, 1.0],
                [1.0, 0.0, -0.0, 0.0, -0.0, 1e-06, -1.0, 0.37472, -0.0, 1.0, 1e-06, 0.0, 0.0, 0.0, 0.0, 1.0],
                [1.0, 0.0, -0.0, 0.0, -0.0, 1e-06, -1.0, 0.37472, -0.0, 1.0, 1e-06, -0.0, 0.0, 0.0, 0.0, 1.0],
                [1.0, 0.0, -0.0, 0.0, -0.0, 1e-06, -1.0, 0.37472, -0.0, 1.0, 1e-06, -0.0, 0.0, 0.0, 0.0, 1.0],
                [1.0, 0.0, -0.0, 0.0, -0.0, 1e-06, -1.0, 0.37472, -0.0, 1.0, 1e-06, -0.0, 0.0, 0.0, 0.0, 1.0],
                [1.0, 0.0, -0.0, 0.0, -0.0, 1e-06, -1.0, 0.37472, -0.0, 1.0, 1e-06, -0.0, 0.0, 0.0, 0.0, 1.0],
                [1.0, 0.0, -0.0, 0.0, -0.0, 1e-06, -1.0, 0.37472, -0.0, 1.0, 1e-06, -0.0, 0.0, 0.0, 0.0, 1.0],
                [1.0, 0.0, -0.0, 0.0, -0.0, 1e-06, -1.0, 0.37472, -0.0, 1.0, 1e-06, -0.0, 0.0, 0.0, 0.0, 1.0],
                [1.0, 0.0, -0.0, 0.0, -0.0, 1e-06, -1.0, 0.37472, -0.0, 1.0, 1e-06, -0.0, 0.0, 0.0, 0.0, 1.0],
                [1.0, 0.0, -0.0, 0.0, -0.0, 1e-06, -1.0, 0.37472, -0.0, 1.0, 1e-06, -0.0, 0.0, 0.0, 0.0, 1.0],
                [1.0, 0.0, -0.0, 0.0, -0.0, 1e-06, -1.0, 0.37472, -0.0, 1.0, 1e-06, -0.0, 0.0, 0.0, 0.0, 1.0],
                [1.0, 0.0, -0.0, 0.0, -0.0, 1e-06, -1.0, 0.37472, -0.0, 1.0, 1e-06, -0.0, 0.0, 0.0, 0.0, 1.0],
                [1.0, 0.0, -0.0, 0.0, -0.0, 1e-06, -1.0, 0.37472, -0.0, 1.0, 1e-06, -0.0, 0.0, 0.0, 0.0, 1.0],
                [1.0, 0.0, -0.0, 0.0, -0.0, 1e-06, -1.0, 0.37472, -0.0, 1.0, 1e-06, -0.0, 0.0, 0.0, 0.0, 1.0],
                [1.0, 0.0, -0.0, 0.0, -0.0, 1e-06, -1.0, 0.37472, -0.0, 1.0, 1e-06, 0.0, 0.0, 0.0, 0.0, 1.0],
                [1.0, 0.0, -0.0, 0.0, -0.0, 1e-06, -1.0, 0.37472, -0.0, 1.0, 1e-06, -0.0, 0.0, 0.0, 0.0, 1.0],
                [1.0, 0.0, -0.0, 0.0, -0.0, 1e-06, -1.0, 0.37472, -0.0, 1.0, 1e-06, -1e-06, 0.0, 0.0, 0.0, 1.0],
                [1.0, 0.0, -0.0, 0.0, -0.0, 1e-06, -1.0, 0.374719, -0.0, 1.0, 1e-06, 0.0, 0.0, 0.0, 0.0, 1.0],
                [1.0, 0.0, -0.0, 0.0, -0.0, 1e-06, -1.0, 0.37472, -0.0, 1.0, 1e-06, 0.0, 0.0, 0.0, 0.0, 1.0],
                [1.0, 0.0, -0.0, -0.0, -0.0, 1e-06, -1.0, 0.37472, -0.0, 1.0, 1e-06, 0.0, 0.0, 0.0, 0.0, 1.0],
                [1.0, 0.0, -0.0, 0.0, -0.0, 1e-06, -1.0, 0.374721, -0.0, 1.0, 1e-06, -1e-06, 0.0, 0.0, 0.0, 1.0],
                [1.0, 0.0, -0.0, 0.0, -0.0, 1e-06, -1.0, 0.37472, -0.0, 1.0, 1e-06, 0.0, 0.0, 0.0, 0.0, 1.0],
                [1.0, 0.0, -0.0, 0.0, -0.0, 1e-06, -1.0, 0.37472, -0.0, 1.0, 1e-06, 1e-06, 0.0, 0.0, 0.0, 1.0],
                [1.0, 0.0, -0.0, -1e-06, -0.0, 1e-06, -1.0, 0.37472, -0.0, 1.0, 1e-06, -0.0, 0.0, 0.0, 0.0, 1.0],
                [1.0, 0.0, -0.0, -0.0, -0.0, 1e-06, -1.0, 0.37472, -0.0, 1.0, 1e-06, -1e-06, 0.0, 0.0, 0.0, 1.0],
                [1.0, 0.0, -0.0, -0.0, -0.0, 1e-06, -1.0, 0.37472, -0.0, 1.0, 1e-06, 0.0, 0.0, 0.0, 0.0, 1.0],
                [1.0, 0.0, -0.0, -0.0, -0.0, 1e-06, -1.0, 0.37472, -0.0, 1.0, 1e-06, 0.0, 0.0, 0.0, 0.0, 1.0],
                [1.0, 0.0, -0.0, -1e-06, -0.0, 1e-06, -1.0, 0.37472, -0.0, 1.0, 1e-06, -0.0, 0.0, 0.0, 0.0, 1.0],
                [1.0, 0.0, -0.0, -0.0, -0.0, 1e-06, -1.0, 0.37472, -0.0, 1.0, 1e-06, -1e-06, 0.0, 0.0, 0.0, 1.0],
                [1.0, 0.0, -0.0, -1e-06, -0.0, 1e-06, -1.0, 0.37472, -0.0, 1.0, 1e-06, 1e-06, 0.0, 0.0, 0.0, 1.0],
                [1.0, 0.0, -0.0, 0.0, -0.0, 1e-06, -1.0, 0.37472, -0.0, 1.0, 1e-06, -1e-06, 0.0, 0.0, 0.0, 1.0],
                [1.0, 0.0, -0.0, 0.0, -0.0, 1e-06, -1.0, 0.37472, -0.0, 1.0, 1e-06, 1e-06, 0.0, 0.0, 0.0, 1.0],
                [1.0, 0.0, -0.0, -0.0, -0.0, 1e-06, -1.0, 0.37472, -0.0, 1.0, 1e-06, -1e-06, 0.0, 0.0, 0.0, 1.0],
                [1.0, 0.0, -0.0, 0.0, -0.0, 1e-06, -1.0, 0.37472, -0.0, 1.0, 1e-06, -0.0, 0.0, 0.0, 0.0, 1.0],
                [1.0, 0.0, -0.0, 0.0, -0.0, 1e-06, -1.0, 0.37472, 0.0, 1.0, 1e-06, -2e-06, 0.0, 0.0, 0.0, 1.0],
                [1.0, 0.0, -0.0, -0.0, -0.0, 1e-06, -1.0, 0.37472, -0.0, 1.0, 1e-06, 0.0, 0.0, 0.0, 0.0, 1.0],
                [1.0, 0.0, -0.0, 0.0, -0.0, 1e-06, -1.0, 0.37472, -0.0, 1.0, 1e-06, -1e-06, 0.0, 0.0, 0.0, 1.0],
                [1.0, 0.0, -0.0, -0.0, -0.0, 1e-06, -1.0, 0.37472, -0.0, 1.0, 1e-06, -1e-06, 0.0, 0.0, 0.0, 1.0],
                [1.0, 0.0, -0.0, -0.0, -0.0, 1e-06, -1.0, 0.37472, -0.0, 1.0, 1e-06, 1e-06, 0.0, 0.0, 0.0, 1.0],
                [1.0, -0.0, -0.0, -1e-06, -0.0, 1e-06, -1.0, 0.37472, -0.0, 1.0, 1e-06, 0.0, 0.0, 0.0, 0.0, 1.0],
                [1.0, 0.0, -0.0, 1e-06, -0.0, 1e-06, -1.0, 0.37472, -0.0, 1.0, 1e-06, -2e-06, 0.0, 0.0, 0.0, 1.0],
                [1.0, 0.0, -0.0, -0.0, -0.0, 1e-06, -1.0, 0.37472, -0.0, 1.0, 1e-06, 0.0, 0.0, 0.0, 0.0, 1.0],
                [1.0, 0.0, -0.0, 0.0, -0.0, 1e-06, -1.0, 0.37472, -0.0, 1.0, 1e-06, 1e-06, 0.0, 0.0, 0.0, 1.0],
                [1.0, 0.0, -0.0, 0.0, -0.0, 1e-06, -1.0, 0.37472, -0.0, 1.0, 1e-06, 0.0, 0.0, 0.0, 0.0, 1.0],
                [1.0, 0.0, -0.0, -0.0, -0.0, 1e-06, -1.0, 0.37472, -0.0, 1.0, 1e-06, -0.0, 0.0, 0.0, 0.0, 1.0]
            ]
        },
        {
            "name": "Thigh_L",
            "time": [0.0, 0.1667, 0.2667, 0.6667, 0.7667, 0.8333, 1.0, 1.0833, 1.1667, 1.2333, 1.3333, 1.4, 1.4833, 1.55, 1.65, 1.7333, 1.8333, 1.9, 2.0, 2.1667, 2.5, 2.5667, 2.7333, 2.8, 2.9, 3.5667, 3.9833, 4.0, 4.0167, 4.0333, 4.05, 4.0667, 4.0833, 4.1, 4.1167, 4.1333, 4.15, 4.1667, 4.1833, 4.2, 4.3667],
            "transform": [
                [0.934229, -0.329202, -0.137268, -0.125006, -0.273888, -0.908664, 0.315144, -0.002831, -0.228477, -0.25682, -0.939064, -1.2e-05, 0.0, 0.0, 0.0, 1.0],
                [0.934229, -0.329202, -0.137268, -0.125006, -0.273888, -0.908664, 0.315144, -0.002831, -0.228477, -0.25682, -0.939064, -1.2e-05, 0.0, 0.0, 0.0, 1.0],
                [0.934229, -0.329202, -0.137268, -0.125006, -0.273888, -0.908664, 0.315144, -0.002831, -0.228477, -0.25682, -0.939064, -1.2e-05, 0.0, 0.0, 0.0, 1.0],
                [0.983921, -0.157868, -0.08353, -0.112171, -0.177632, -0.816237, -0.549731, 0.011239, 0.018605, 0.55573, -0.831155, 0.036822, 0.0, 0.0, 0.0, 1.0],
                [0.983921, -0.157868, -0.08353, -0.112171, -0.177632, -0.816237, -0.549731, 0.011239, 0.018605, 0.55573, -0.831155, 0.036822, 0.0, 0.0, 0.0, 1.0],
                [0.983921, -0.157868, -0.08353, -0.112171, -0.177632, -0.816237, -0.549731, 0.011239, 0.018605, 0.55573, -0.831155, 0.036822, 0.0, 0.0, 0.0, 1.0],
                [0.984556, -0.155215, -0.080974, -0.111913, -0.173651, -0.807156, -0.56422, 0.011521, 0.022217, 0.569569, -0.821643, 0.037562, 0.0, 0.0, 0.0, 1.0],
                [0.983921, -0.157868, -0.08353, -0.112171, -0.177632, -0.816237, -0.549731, 0.011239, 0.018605, 0.55573, -0.831155, 0.036822, 0.0, 0.0, 0.0, 1.0],
                [0.983921, -0.157868, -0.08353, -0.112171, -0.177632, -0.816237, -0.549731, 0.011239, 0.018605, 0.55573, -0.831155, 0.036822, 0.0, 0.0, 0.0, 1.0],
                [0.983921, -0.157868, -0.08353, -0.112171, -0.177632, -0.816237, -0.549731, 0.011239, 0.018605, 0.55573, -0.831155, 0.036822, 0.0, 0.0, 0.0, 1.0],
                [0.983921, -0.157868, -0.08353, -0.112171, -0.177632, -0.816237, -0.549731, 0.011239, 0.018605, 0.55573, -0.831155, 0.036822, 0.0, 0.0, 0.0, 1.0],
                [0.983921, -0.157868, -0.08353, -0.112171, -0.177632, -0.816237, -0.549731, 0.011239, 0.018605, 0.55573, -0.831155, 0.036822, 0.0, 0.0, 0.0, 1.0],
                [0.983921, -0.157868, -0.08353, -0.112171, -0.177632, -0.816237, -0.549731, 0.011239, 0.018605, 0.55573, -0.831155, 0.036822, 0.0, 0.0, 0.0, 1.0],
                [0.983921, -0.157868, -0.08353, -0.112171, -0.177632, -0.816237, -0.549731, 0.011239, 0.018605, 0.55573, -0.831155, 0.036822, 0.0, 0.0, 0.0, 1.0],
                [0.983921, -0.157868, -0.08353, -0.112171, -0.177632, -0.816237, -0.549731, 0.011239, 0.018605, 0.55573, -0.831155, 0.036822, 0.0, 0.0, 0.0, 1.0],
                [0.983921, -0.157868, -0.08353, -0.112171, -0.177632, -0.816237, -0.549731, 0.011239, 0.018605, 0.55573, -0.831155, 0.036822, 0.0, 0.0, 0.0, 1.0],
                [0.983921, -0.157868, -0.08353, -0.112171, -0.177632, -0.816237, -0.549731, 0.011239, 0.018605, 0.55573, -0.831155, 0.036822, 0.0, 0.0, 0.0, 1.0],
                [0.983921, -0.157868, -0.08353, -0.112171, -0.177632, -0.816237, -0.549731, 0.011239, 0.018605, 0.55573, -0.831155, 0.036822, 0.0, 0.0, 0.0, 1.0],
                [0.983921, -0.157868, -0.08353, -0.112171, -0.177632, -0.816237, -0.549731, 0.011239, 0.018605, 0.55573, -0.831155, 0.036822, 0.0, 0.0, 0.0, 1.0],
                [0.984556, -0.155215, -0.080974, -0.111913, -0.173651, -0.807156, -0.56422, 0.011521, 0.022217, 0.569569, -0.821643, 0.037562, 0.0, 0.0, 0.0, 1.0],
                [0.983921, -0.157868, -0.08353, -0.112171, -0.177632, -0.816237, -0.549731, 0.011239, 0.018605, 0.55573, -0.831155, 0.036822, 0.0, 0.0, 0.0, 1.0],
                [0.999253, -0.038602, 0.001608, -0.111913, -0.023578, -0.642265, -0.76612, 0.047169, 0.030606, 0.76551, -0.642695, 0.037562, 0.0, 0.0, 0.0, 1.0],
                [0.976795, -0.202606, -0.069448, -0.106089, -0.194097, -0.700304, -0.68695, 0.031292, 0.090545, 0.684489, -0.723378, 0.029005, 0.0, 0.0, 0.0, 1.0],
                [0.770812, -0.634091, -0.06146, -0.088871, -0.636136, -0.760899, -0.127922, 0.024933, 0.03435, 0.137702, -0.989878, 0.005245, 0.0, 0.0, 0.0, 1.0],
                [0.712768, -0.701148, -0.018792, -0.085004, -0.701168, -0.712965, 0.00658, 0.024169, -0.018011, 0.008487, -0.999802, -1.2e-05, 0.0, 0.0, 0.0, 1.0],
                [0.734477, -0.677687, -0.035845, -0.086084, -0.678629, -0.733245, -0.0426, 0.025865, 0.002587, 0.055614, -0.998449, 0.001495, 0.0, 0.0, 0.0, 1.0],
                [0.99748, -0.070014, -0.01146, -0.125006, -0.070014, -0.945358, -0.318427, -0.002831, 0.01146, 0.318427, -0.947878, -1.2e-05, 0.0, 0.0, 0.0, 1.0],
                [0.997352, -0.071883, -0.011053, -0.125006, -0.071882, -0.951219, -0.300025, -0.002831, 0.011053, 0.300025, -0.953867, -1.2e-05, 0.0, 0.0, 0.0, 1.0],
                [0.997219, -0.073768, -0.010603, -0.125006, -0.073768, -0.956795, -0.28125, -0.002831, 0.010603, 0.28125, -0.959576, -1.2e-05, 0.0, 0.0, 0.0, 1.0],
                [0.997085, -0.075618, -0.010123, -0.125006, -0.075618, -0.961929, -0.26263, -0.002831, 0.010123, 0.262631, -0.964843, -1.2e-05, 0.0, 0.0, 0.0, 1.0],
                [0.996952, -0.077418, -0.009618, -0.125006, -0.077418, -0.966597, -0.244328, -0.002831, 0.009618, 0.244328, -0.969645, -1.3e-05, 0.0, 0.0, 0.0, 1.0],
                [0.996809, -0.079304, -0.00905, -0.125006, -0.079303, -0.971137, -0.224953, -0.002831, 0.00905, 0.224954, -0.974327, -1.3e-05, 0.0, 0.0, 0.0, 1.0],
                [0.996678, -0.081, -0.008504, -0.125006, -0.081, -0.974911, -0.207335, -0.002831, 0.008504, 0.207335, -0.978233, -1.3e-05, 0.0, 0.0, 0.0, 1.0],
                [0.996549, -0.082623, -0.007949, -0.125006, -0.082623, -0.97824, -0.190315, -0.002831, 0.007949, 0.190316, -0.981691, -1.3e-05, 0.0, 0.0, 0.0, 1.0],
                [0.996423, -0.084184, -0.007385, -0.125006, -0.084184, -0.981176, -0.173797, -0.002831, 0.007385, 0.173798, -0.984754, -1.3e-05, 0.0, 0.0, 0.0, 1.0],
                [0.996299, -0.085685, -0.006814, -0.125006, -0.085684, -0.983752, -0.157766, -0.002831, 0.006814, 0.157767, -0.987453, -1.3e-05, 0.0, 0.0, 0.0, 1.0],
                [0.996178, -0.087126, -0.00624, -0.125006, -0.087126, -0.985991, -0.142231, -0.002831, 0.00624, 0.142231, -0.989814, -1.3e-05, 0.0, 0.0, 0.0, 1.0],
                [0.996059, -0.088509, -0.005664, -0.125006, -0.088508, -0.987919, -0.127207, -0.002831, 0.005664, 0.127208, -0.99186, -1.3e-05, 0.0, 0.0, 0.0, 1.0],
                [0.995944, -0.089831, -0.005089, -0.125006, -0.089831, -0.989558, -0.112715, -0.002831, 0.005089, 0.112716, -0.993614, -1.3e-05, 0.0, 0.0, 0.0, 1.0],
                [0.995832, -0.091093, -0.004519, -0.125006, -0.091092, -0.990932, -0.098775, -0.002831, 0.004519, 0.098775, -0.995099, -1.3e-05, 0.0, 0.0, 0.0, 1.0],
                [0.934229, -0.329202, -0.137268, -0.125006, -0.273888, -0.908664, 0.315144, -0.002831, -0.228477, -0.25682, -0.939064, -1.3e-05, 0.0, 0.0, 0.0, 1.0]
            ]
        },
        {
            "name": "Leg_L",
            "time": [0.0, 0.1667, 0.2667, 0.6667, 0.7667, 0.8333, 1.0, 1.0833, 1.1667, 1.2333, 1.3333, 1.4, 1.4833, 1.55, 1.65, 1.7333, 1.8333, 1.9, 2.0, 2.1667, 2.5, 2.5667, 2.7333, 2.8, 2.9, 3.5667, 3.9833, 4.0, 4.0167, 4.0333, 4.05, 4.0667, 4.0833, 4.1, 4.1167, 4.1333, 4.15, 4.1667, 4.1833, 4.2, 4.2167, 4.2333, 4.25, 4.2667, 4.2833, 4.3, 4.3167, 4.3333, 4.35, 4.3667],
            "transform": [
                [0.998492, 0.042158, 0.035168, 0.0, -0.051013, 0.949218, 0.310456, 0.37472, -0.020294, -0.311782, 0.949937, 0.0, 0.0, 0.0, 0.0, 1.0],
                [0.998492, 0.042158, 0.035168, 0.0, -0.051013, 0.949218, 0.310456, 0.37472, -0.020294, -0.311782, 0.949937, 0.0, 0.0, 0.0, 0.0, 1.0],
                [0.998492, 0.042158, 0.035168, 0.0, -0.051013, 0.949218, 0.310456, 0.37472, -0.020294, -0.311782, 0.949937, 0.0, 0.0, 0.0, 0.0, 1.0],
                [0.996891, -0.00318, 0.078732, -0.0, -0.035179, 0.876118, 0.480812, 0.37472, -0.070507, -0.482086, 0.873282, -0.0, 0.0, 0.0, 0.0, 1.0],
                [0.996891, -0.00318, 0.078732, -0.0, -0.035179, 0.876118, 0.480812, 0.37472, -0.070507, -0.482086, 0.873282, -0.0, 0.0, 0.0, 0.0, 1.0],
                [0.996891, -0.00318, 0.078732, -0.0, -0.035179, 0.876118, 0.480812, 0.37472, -0.070507, -0.482086, 0.873282, -0.0, 0.0, 0.0, 0.0, 1.0],
                [0.996825, -0.004168, 0.079514, -0.0, -0.034958, 0.874325, 0.48408, 0.37472, -0.071539, -0.485323, 0.871404, -0.0, 0.0, 0.0, 0.0, 1.0],
                [0.996891, -0.00318, 0.078732, -0.0, -0.035179, 0.876118, 0.480812, 0.37472, -0.070507, -0.482086, 0.873282, -0.0, 0.0, 0.0, 0.0, 1.0],
                [0.996891, -0.00318, 0.078732, -0.0, -0.035179, 0.876118, 0.480812, 0.37472, -0.070507, -0.482086, 0.873282, -0.0, 0.0, 0.0, 0.0, 1.0],
                [0.996891, -0.00318, 0.078732, -0.0, -0.035179, 0.876118, 0.480812, 0.37472, -0.070507, -0.482086, 0.873282, -0.0, 0.0, 0.0, 0.0, 1.0],
                [0.996891, -0.00318, 0.078732, -0.0, -0.035179, 0.876118, 0.480812, 0.37472, -0.070507, -0.482086, 0.873282, -0.0, 0.0, 0.0, 0.0, 1.0],
                [0.996891, -0.00318, 0.078732, -0.0, -0.035179, 0.876118, 0.480812, 0.37472, -0.070507, -0.482086, 0.873282, -0.0, 0.0, 0.0, 0.0, 1.0],
                [0.996891, -0.00318, 0.078732, -0.0, -0.035179, 0.876118, 0.480812, 0.37472, -0.070507, -0.482086, 0.873282, -0.0, 0.0, 0.0, 0.0, 1.0],
                [0.996891, -0.00318, 0.078732, -0.0, -0.035179, 0.876118, 0.480812, 0.37472, -0.070507, -0.482086, 0.873282, -0.0, 0.0, 0.0, 0.0, 1.0],
                [0.996891, -0.00318, 0.078732, -0.0, -0.035179, 0.876118, 0.480812, 0.37472, -0.070507, -0.482086, 0.873282, -0.0, 0.0, 0.0, 0.0, 1.0],
                [0.996891, -0.00318, 0.078732, -0.0, -0.035179, 0.876118, 0.480812, 0.37472, -0.070507, -0.482086, 0.873282, -0.0, 0.0, 0.0, 0.0, 1.0],
                [0.996891, -0.00318, 0.078732, -0.0, -0.035179, 0.876118, 0.480812, 0.37472, -0.070507, -0.482086, 0.873282, -0.0, 0.0, 0.0, 0.0, 1.0],
                [0.996891, -0.00318, 0.078732, -0.0, -0.035179, 0.876118, 0.480812, 0.37472, -0.070507, -0.482086, 0.873282, -0.0, 0.0, 0.0, 0.0, 1.0],
                [0.996891, -0.00318, 0.078732, -0.0, -0.035179, 0.876118, 0.480812, 0.37472, -0.070507, -0.482086, 0.873282, -0.0, 0.0, 0.0, 0.0, 1.0],
                [0.996825, -0.004168, 0.079514, -0.0, -0.034958, 0.874325, 0.48408, 0.37472, -0.071539, -0.485323, 0.871404, -0.0, 0.0, 0.0, 0.0, 1.0],
                [0.996891, -0.00318, 0.078732, -0.0, -0.035179, 0.876118, 0.480812, 0.37472, -0.070507, -0.482086, 0.873282, -0.0, 0.0, 0.0, 0.0, 1.0],
                [0.994973, -0.000381, 0.100147, 0.0, -0.002234, 0.999659, 0.026005, 0.37472, -0.100123, -0.026098, 0.994633, 0.0, 0.0, 0.0, 0.0, 1.0],
                [0.993971, -0.048396, 0.098389, 0.0, 0.045972, 0.998585, 0.026749, 0.37472, -0.099544, -0.022065, 0.994788, 0.0, 0.0, 0.0, 0.0, 1.0],
                [0.976804, -0.193178, 0.092393, -1e-06, 0.190967, 0.981065, 0.032285, 0.37472, -0.09688, -0.013892, 0.995199, -0.0, 0.0, 0.0, 0.0, 1.0],
                [0.970041, -0.225283, 0.090928, 1e-06, 0.223118, 0.974218, 0.033448, 0.37472, -0.096119, -0.012158, 0.995296, 0.0, 0.0, 0.0, 0.0, 1.0],
                [0.971855, -0.216717, 0.092371, 0.0, 0.21452, 0.976155, 0.033198, 0.374719, -0.097363, -0.012448, 0.995171, -0.0, 0.0, 0.0, 0.0, 1.0],
                [0.999518, 0.025966, 0.016999, 0.0, -0.027322, 0.996, 0.085077, 0.37472, -0.014722, -0.085501, 0.996229, -1e-06, 0.0, 0.0, 0.0, 1.0],
                [0.999466, 0.027194, 0.018114, 0.0, -0.028887, 0.994478, 0.100895, 0.37472, -0.01527, -0.101364, 0.994732, -1e-06, 0.0, 0.0, 0.0, 1.0],
                [0.999412, 0.028392, 0.019236, 0.0, -0.030444, 0.992725, 0.116489, 0.37472, -0.015788, -0.117006, 0.993006, 1e-06, 0.0, 0.0, 0.0, 1.0],
                [0.999356, 0.029556, 0.02036, -0.0, -0.031988, 0.990759, 0.131808, 0.37472, -0.016276, -0.132375, 0.991066, 0.0, 0.0, 0.0, 0.0, 1.0],
                [0.999298, 0.030684, 0.021482, -1e-06, -0.033511, 0.988598, 0.146802, 0.37472, -0.016732, -0.147418, 0.988933, 2e-06, 0.0, 0.0, 0.0, 1.0],
                [0.99924, 0.031772, 0.022596, -0.0, -0.035009, 0.986265, 0.161418, 0.37472, -0.017157, -0.162087, 0.986627, -1e-06, 0.0, 0.0, 0.0, 1.0],
                [0.99918, 0.032816, 0.023698, 0.0, -0.036476, 0.983784, 0.175611, 0.37472, -0.01755, -0.176331, 0.984174, 0.0, 0.0, 0.0, 0.0, 1.0],
                [0.999121, 0.033816, 0.024781, 0.0, -0.037904, 0.981181, 0.189331, 0.37472, -0.017912, -0.190104, 0.981601, -0.0, 0.0, 0.0, 0.0, 1.0],
                [0.999061, 0.034767, 0.025841, -0.0, -0.03929, 0.978487, 0.202534, 0.37472, -0.018243, -0.203359, 0.978934, 1e-06, 0.0, 0.0, 0.0, 1.0],
