{
    "animation": [
        {
            "name": "Root",
            "time": [0.0, 0.1667, 0.1833, 0.2167, 0.25, 0.2833, 0.3167, 0.35, 0.3833, 0.4333, 0.5667, 0.5833, 0.6, 0.65, 0.8, 1.0, 1.0167, 1.2667, 1.3, 1.3167, 1.3333, 1.35, 1.3833, 1.5667, 1.8667],
            "transform": [
                [0.944309, 0.0, -0.32906, -5e-06, -0.32906, 0.0, -0.944309, 0.000946, 0.0, 1.0, 0.0, 0.72957, 0.0, 0.0, 0.0, 1.0],
                [0.944309, 0.0, -0.32906, -5e-06, -0.32906, 0.0, -0.944309, 0.000946, 0.0, 1.0, 0.0, 0.72957, 0.0, 0.0, 0.0, 1.0],
                [0.944309, 0.0, -0.32906, -5e-06, -0.32906, 0.0, -0.944309, 0.000946, 0.0, 1.0, 0.0, 0.72957, 0.0, 0.0, 0.0, 1.0],
                [0.944309, 0.0, -0.32906, -5e-06, -0.32906, 0.0, -0.944309, 0.000946, 0.0, 1.0, 0.0, 0.72957, 0.0, 0.0, 0.0, 1.0],
                [0.944309, 0.0, -0.32906, -5e-06, -0.32906, 0.0, -0.944309, 0.000946, 0.0, 1.0, 0.0, 0.72957, 0.0, 0.0, 0.0, 1.0],
                [0.944309, 0.0, -0.32906, -5e-06, -0.32906, 0.0, -0.944309, 0.000946, 0.0, 1.0, 0.0, 0.72957, 0.0, 0.0, 0.0, 1.0],
                [0.944309, 0.0, -0.32906, -5e-06, -0.32906, 0.0, -0.944309, 0.000946, 0.0, 1.0, 0.0, 0.72957, 0.0, 0.0, 0.0, 1.0],
                [0.944309, 0.0, -0.32906, -5e-06, -0.32906, 0.0, -0.944309, 0.000946, 0.0, 1.0, 0.0, 0.72957, 0.0, 0.0, 0.0, 1.0],
                [0.944309, 0.0, -0.32906, -5e-06, -0.32906, 0.0, -0.944309, 0.000946, 0.0, 1.0, 0.0, 0.72957, 0.0, 0.0, 0.0, 1.0],
                [0.944309, 0.0, -0.32906, -5e-06, -0.32906, 0.0, -0.944309, 0.000946, 0.0, 1.0, 0.0, 0.72957, 0.0, 0.0, 0.0, 1.0],
                [0.944309, 0.0, -0.32906, -5e-06, -0.32906, 0.0, -0.944309, 0.000946, 0.0, 1.0, 0.0, 0.72957, 0.0, 0.0, 0.0, 1.0],
                [0.834979, 0.0, 0.550282, -5e-06, 0.550282, 0.0, -0.834979, 4.000947, 0.0, 1.0, 0.0, 0.590138, 0.0, 0.0, 0.0, 1.0],
                [0.070027, 0.0, 0.997545, -5e-06, 0.997545, 0.0, -0.070027, 8.000946, 0.0, 1.0, 0.0, 0.450706, 0.0, 0.0, 0.0, 1.0],
                [0.070027, 0.0, 0.997545, -5e-06, 0.997545, 0.0, -0.070027, 9.000946, 0.0, 1.0, 0.0, 0.450706, 0.0, 0.0, 0.0, 1.0],
                [0.070027, 0.0, 0.997545, -5e-06, 0.997545, 0.0, -0.070027, 9.200946, 0.0, 1.0, 0.0, 0.450706, 0.0, 0.0, 0.0, 1.0],
                [0.070027, 0.0, 0.997545, -5e-06, 0.997545, 0.0, -0.070027, 9.200946, 0.0, 1.0, 0.0, 0.450706, 0.0, 0.0, 0.0, 1.0],
                [0.114361, 0.0, 0.993439, -5e-06, 0.993439, 0.0, -0.114361, 9.200946, 0.0, 1.0, 0.0, 0.455072, 0.0, 0.0, 0.0, 1.0],
                [1.0, 0.0, -0.000934, -5e-06, -0.000934, 0.0, -1.0, 9.200946, 0.0, 1.0, 0.0, 0.590345, 0.0, 0.0, 0.0, 1.0],
                [0.992994, 0.0, -0.118165, -5e-06, -0.118165, 0.0, -0.992994, 9.200946, 0.0, 1.0, 0.0, 0.610407, 0.0, 0.0, 0.0, 1.0],
                [0.99185, 0.0, -0.12741, -5e-06, -0.12741, 0.0, -0.99185, 9.200946, 0.0, 1.0, 0.0, 0.622931, 0.0, 0.0, 0.0, 1.0],
                [0.990623, 0.0, -0.136625, -5e-06, -0.136625, 0.0, -0.990623, 9.200946, 0.0, 1.0, 0.0, 0.635421, 0.0, 0.0, 0.0, 1.0],
                [0.989325, 0.0, -0.145728, -5e-06, -0.145728, 0.0, -0.989325, 9.200946, 0.0, 1.0, 0.0, 0.64775, 0.0, 0.0, 0.0, 1.0],
                [0.9864, 0.0, -0.164364, -5e-06, -0.164364, 0.0, -0.9864, 9.200946, 0.0, 1.0, 0.0, 0.672951, 0.0, 0.0, 0.0, 1.0],
                [0.965143, 0.0, -0.261721, -5e-06, -0.261721, 0.0, -0.965143, 9.200946, 0.0, 1.0, 0.0, 0.719071, 0.0, 0.0, 0.0, 1.0],
                [0.944309, 0.0, -0.32906, -5e-06, -0.32906, 0.0, -0.944309, 9.200946, 0.0, 1.0, 0.0, 0.72957, 0.0, 0.0, 0.0, 1.0]
            ]
        },
        {
            "name": "Thigh_R",
            "time": [0.0, 0.1667, 0.1833, 0.2167, 0.25, 0.2833, 0.3167, 0.35, 0.3833, 0.4333, 0.5667, 0.5833, 0.6, 0.6167, 0.6333, 0.65, 0.6667, 0.6833, 0.7, 0.7167, 0.7333, 0.75, 0.7667, 0.7833, 0.8, 0.8167, 0.8333, 0.85, 0.8667, 0.8833, 0.9, 0.9167, 0.9333, 0.95, 0.9667, 0.9833, 1.0, 1.0167, 1.0333, 1.05, 1.0667, 1.0833, 1.1, 1.1167, 1.1333, 1.15, 1.1667, 1.1833, 1.2, 1.2167, 1.2333, 1.25, 1.2667, 1.2833, 1.3, 1.3167, 1.3333, 1.35, 1.3833, 1.4, 1.4167, 1.4333, 1.45, 1.4667, 1.4833, 1.5, 1.5167, 1.5333, 1.55, 1.5667, 1.5833, 1.6, 1.6167, 1.6333, 1.65, 1.6667, 1.6833, 1.7, 1.7167, 1.7333, 1.75, 1.7667, 1.7833, 1.8, 1.8167, 1.8333, 1.85, 1.8667],
            "transform": [
                [0.975823, 0.099713, 0.194492, 0.124994, 0.098752, -0.995004, 0.014654, -0.002831, 0.194981, 0.004908, -0.980795, -1.2e-05, 0.0, 0.0, 0.0, 1.0],
                [0.975823, 0.099713, 0.194492, 0.124994, 0.098752, -0.995004, 0.014654, -0.002831, 0.194981, 0.004908, -0.980795, -1.2e-05, 0.0, 0.0, 0.0, 1.0],
                [0.975823, 0.099713, 0.194492, 0.124994, 0.098752, -0.995004, 0.014654, -0.002831, 0.194981, 0.004908, -0.980795, -1.2e-05, 0.0, 0.0, 0.0, 1.0],
                [0.975823, 0.099713, 0.194492, 0.124994, 0.098752, -0.995004, 0.014654, -0.002831, 0.194981, 0.004908, -0.980795, -1.2e-05, 0.0, 0.0, 0.0, 1.0],
                [0.975823, 0.099713, 0.194492, 0.124994, 0.098752, -0.995004, 0.014654, -0.002831, 0.194981, 0.004908, -0.980795, -1.2e-05, 0.0, 0.0, 0.0, 1.0],
                [0.975823, 0.099713, 0.194492, 0.124994, 0.098752, -0.995004, 0.014654, -0.002831, 0.194981, 0.004908, -0.980795, -1.2e-05, 0.0, 0.0, 0.0, 1.0],
                [0.975823, 0.099713, 0.194492, 0.124994, 0.098752, -0.995004, 0.014654, -0.002831, 0.194981, 0.004908, -0.980795, -1.2e-05, 0.0, 0.0, 0.0, 1.0],
                [0.975823, 0.099713, 0.194492, 0.124994, 0.098752, -0.995004, 0.014654, -0.002831, 0.194981, 0.004908, -0.980795, -1.2e-05, 0.0, 0.0, 0.0, 1.0],
                [0.975823, 0.099713, 0.194492, 0.124994, 0.098752, -0.995004, 0.014654, -0.002831, 0.194981, 0.004908, -0.980795, -1.2e-05, 0.0, 0.0, 0.0, 1.0],
                [0.975823, 0.099713, 0.194492, 0.124994, 0.098752, -0.995004, 0.014654, -0.002831, 0.194981, 0.004908, -0.980795, -1.2e-05, 0.0, 0.0, 0.0, 1.0],
                [0.975823, 0.099713, 0.194492, 0.124994, 0.098752, -0.995004, 0.014654, -0.002831, 0.194981, 0.004908, -0.980795, -1.2e-05, 0.0, 0.0, 0.0, 1.0],
                [0.975823, 0.099713, 0.194492, 0.124994, 0.098752, -0.995004, 0.014654, -0.002831, 0.194981, 0.004908, -0.980795, -1.2e-05, 0.0, 0.0, 0.0, 1.0],
                [0.255675, 0.894081, 0.367762, 0.124995, 0.071179, -0.396782, 0.915149, -0.002831, 0.964139, -0.207804, -0.165088, -1.2e-05, 0.0, 0.0, 0.0, 1.0],
                [0.255675, 0.894081, 0.367762, 0.124994, 0.071179, -0.396782, 0.915149, -0.002831, 0.964139, -0.207804, -0.165088, -1.2e-05, 0.0, 0.0, 0.0, 1.0],
                [0.255675, 0.894081, 0.367762, 0.124994, 0.071179, -0.396782, 0.915149, -0.002831, 0.964139, -0.207804, -0.165088, -1.2e-05, 0.0, 0.0, 0.0, 1.0],
                [0.255675, 0.894081, 0.367762, 0.124993, 0.071179, -0.396782, 0.915149, -0.002831, 0.964139, -0.207804, -0.165088, -1.2e-05, 0.0, 0.0, 0.0, 1.0],
                [0.255675, 0.894081, 0.367762, 0.124994, 0.071179, -0.396782, 0.915149, -0.002831, 0.964139, -0.207804, -0.165088, -1.2e-05, 0.0, 0.0, 0.0, 1.0],
                [0.255675, 0.894081, 0.367762, 0.124993, 0.071179, -0.396782, 0.915149, -0.002831, 0.964139, -0.207804, -0.165088, -1.2e-05, 0.0, 0.0, 0.0, 1.0],
                [0.255675, 0.894081, 0.367762, 0.124993, 0.071179, -0.396782, 0.915149, -0.002831, 0.964139, -0.207804, -0.165088, -1.2e-05, 0.0, 0.0, 0.0, 1.0],
                [0.255675, 0.894081, 0.367762, 0.124993, 0.071179, -0.396782, 0.915149, -0.002831, 0.964139, -0.207804, -0.165088, -1.2e-05, 0.0, 0.0, 0.0, 1.0],
                [0.255675, 0.894081, 0.367762, 0.124994, 0.071179, -0.396782, 0.915149, -0.002831, 0.964139, -0.207804, -0.165088, -1.2e-05, 0.0, 0.0, 0.0, 1.0],
                [0.255675, 0.894081, 0.367762, 0.124993, 0.071179, -0.396782, 0.915149, -0.002831, 0.964139, -0.207804, -0.165088, -1.2e-05, 0.0, 0.0, 0.0, 1.0],
                [0.255675, 0.894081, 0.367762, 0.124994, 0.071179, -0.396782, 0.915149, -0.002831, 0.964139, -0.207804, -0.165088, -1.2e-05, 0.0, 0.0, 0.0, 1.0],
                [0.255675, 0.894081, 0.367762, 0.124994, 0.071179, -0.396782, 0.915149, -0.002831, 0.964139, -0.207804, -0.165088, -1.2e-05, 0.0, 0.0, 0.0, 1.0],
                [0.255675, 0.894081, 0.367762, 0.124993, 0.071179, -0.396782, 0.915149, -0.002831, 0.964139, -0.207804, -0.165088, -1.2e-05, 0.0, 0.0, 0.0, 1.0],
                [0.255675, 0.894081, 0.367762, 0.124993, 0.071179, -0.396782, 0.915149, -0.002831, 0.964139, -0.207804, -0.165088, -1.2e-05, 0.0, 0.0, 0.0, 1.0],
                [0.255675, 0.894081, 0.367762, 0.124993, 0.071179, -0.396782, 0.915149, -0.002831, 0.964139, -0.207804, -0.165088, -1.2e-05, 0.0, 0.0, 0.0, 1.0],
                [0.255675, 0.894081, 0.367762, 0.124993, 0.071179, -0.396782, 0.915149, -0.002831, 0.964139, -0.207804, -0.165088, -1.2e-05, 0.0, 0.0, 0.0, 1.0],
                [0.255675, 0.894081, 0.367762, 0.124993, 0.071179, -0.396782, 0.915149, -0.002831, 0.964139, -0.207804, -0.165088, -1.2e-05, 0.0, 0.0, 0.0, 1.0],
                [0.255675, 0.894081, 0.367762, 0.124993, 0.071179, -0.396782, 0.915149, -0.002831, 0.964139, -0.207804, -0.165088, -1.2e-05, 0.0, 0.0, 0.0, 1.0],
                [0.255675, 0.894081, 0.367762, 0.124993, 0.071179, -0.396782, 0.915149, -0.002831, 0.964139, -0.207804, -0.165088, -1.2e-05, 0.0, 0.0, 0.0, 1.0],
                [0.255675, 0.894081, 0.367762, 0.124993, 0.071179, -0.396782, 0.915149, -0.002831, 0.964139, -0.207804, -0.165088, -1.2e-05, 0.0, 0.0, 0.0, 1.0],
                [0.255675, 0.894081, 0.367762, 0.124993, 0.071179, -0.396782, 0.915149, -0.002831, 0.964139, -0.207804, -0.165088, -1.2e-05, 0.0, 0.0, 0.0, 1.0],
                [0.255675, 0.894081, 0.367762, 0.124993, 0.071179, -0.396782, 0.915149, -0.002831, 0.964139, -0.207804, -0.165088, -1.2e-05, 0.0, 0.0, 0.0, 1.0],
                [0.255675, 0.894081, 0.367762, 0.124993, 0.071179, -0.396782, 0.915149, -0.002831, 0.964139, -0.207804, -0.165088, -1.2e-05, 0.0, 0.0, 0.0, 1.0],
                [0.255675, 0.894081, 0.367762, 0.124993, 0.071179, -0.396782, 0.915149, -0.002831, 0.964139, -0.207804, -0.165088, -1.2e-05, 0.0, 0.0, 0.0, 1.0],
                [0.255675, 0.894081, 0.367762, 0.124993, 0.071179, -0.396782, 0.915149, -0.002831, 0.964139, -0.207804, -0.165088, -1.2e-05, 0.0, 0.0, 0.0, 1.0],
                [0.287951, 0.883111, 0.370405, 0.124993, 0.078566, -0.407268, 0.909923, -0.002831, 0.954417, -0.232912, -0.186656, -1.2e-05, 0.0, 0.0, 0.0, 1.0],
                [0.344823, 0.861112, 0.373609, 0.124994, 0.091111, -0.426845, 0.899723, -0.002831, 0.934236, -0.276205, -0.225643, -1.2e-05, 0.0, 0.0, 0.0, 1.0],
                [0.408496, 0.832478, 0.374314, 0.124993, 0.103837, -0.449812, 0.887067, -0.002831, 0.906834, -0.323496, -0.270189, -1.2e-05, 0.0, 0.0, 0.0, 1.0],
                [0.473588, 0.798521, 0.37159, 0.124995, 0.115238, -0.474456, 0.872703, -0.002831, 0.873175, -0.37048, -0.316717, -1.2e-05, 0.0, 0.0, 0.0, 1.0],
                [0.538056, 0.759739, 0.365093, 0.124994, 0.124749, -0.500138, 0.856913, -0.002831, 0.833627, -0.415522, -0.363879, -1.2e-05, 0.0, 0.0, 0.0, 1.0],
                [0.600778, 0.716438, 0.354658, 0.124993, 0.132072, -0.526502, 0.839853, -0.002831, 0.788431, -0.457725, -0.410932, -1.2e-05, 0.0, 0.0, 0.0, 1.0],
                [0.660891, 0.668934, 0.34022, 0.124994, 0.137007, -0.553258, 0.821666, -0.002831, 0.73787, -0.496419, -0.457292, -1.2e-05, 0.0, 0.0, 0.0, 1.0],
                [0.717627, 0.617619, 0.321803, 0.124994, 0.139413, -0.580124, 0.802508, -0.002831, 0.68233, -0.531038, -0.502418, -1.2e-05, 0.0, 0.0, 0.0, 1.0],
                [0.770284, 0.562981, 0.299524, 0.124994, 0.139208, -0.606813, 0.782559, -0.002831, 0.622321, -0.561096, -0.545791, -1.2e-05, 0.0, 0.0, 0.0, 1.0],
                [0.820706, 0.502627, 0.271674, 0.124994, 0.135765, -0.633435, 0.761792, -0.002831, 0.554986, -0.588324, -0.588104, -1.3e-05, 0.0, 0.0, 0.0, 1.0],
                [0.863261, 0.442873, 0.242165, 0.124993, 0.130204, -0.658907, 0.74087, -0.002831, 0.487676, -0.608033, -0.626473, -1.1e-05, 0.0, 0.0, 0.0, 1.0],
                [0.899806, 0.382366, 0.210107, 0.124994, 0.122282, -0.683299, 0.719825, -0.002831, 0.418803, -0.622011, -0.661594, -1.1e-05, 0.0, 0.0, 0.0, 1.0],
                [0.930397, 0.321629, 0.17583, 0.124994, 0.112136, -0.706429, 0.698845, -0.002831, 0.34898, -0.630486, -0.693325, -1.3e-05, 0.0, 0.0, 0.0, 1.0],
                [0.954711, 0.262286, 0.140477, 0.124994, 0.100235, -0.728058, 0.678147, -0.002831, 0.280144, -0.633354, -0.721375, -1e-05, 0.0, 0.0, 0.0, 1.0],
                [0.972632, 0.206812, 0.105909, 0.124994, 0.08741, -0.748004, 0.657912, -0.002831, 0.215285, -0.630649, -0.74561, -1.2e-05, 0.0, 0.0, 0.0, 1.0],
                [0.98405, 0.160679, 0.076345, 0.124994, 0.075579, -0.766122, 0.638235, -0.002831, 0.161041, -0.622285, -0.766047, -1.2e-05, 0.0, 0.0, 0.0, 1.0],
                [0.988135, 0.139591, 0.064064, 0.124994, 0.070394, -0.782331, 0.618872, -0.002831, 0.136508, -0.607019, -0.782875, -1.1e-05, 0.0, 0.0, 0.0, 1.0],
                [0.987742, 0.139712, 0.069611, 0.124994, 0.070743, -0.798199, 0.598226, -0.002831, 0.139143, -0.585968, -0.798298, -1.2e-05, 0.0, 0.0, 0.0, 1.0],
                [0.987328, 0.139684, 0.07531, 0.124994, 0.071173, -0.813929, 0.576588, -0.002831, 0.141837, -0.563921, -0.813557, -1.2e-05, 0.0, 0.0, 0.0, 1.0],
                [0.986905, 0.139503, 0.080979, 0.124994, 0.071673, -0.828999, 0.554639, -0.002831, 0.144505, -0.541571, -0.828142, -1.1e-05, 0.0, 0.0, 0.0, 1.0],
                [0.986477, 0.139174, 0.086568, 0.124994, 0.072237, -0.843293, 0.532577, -0.002831, 0.147123, -0.519121, -0.841943, -1.2e-05, 0.0, 0.0, 0.0, 1.0],
                [0.985582, 0.138054, 0.097825, 0.124994, 0.073589, -0.870363, 0.486881, -0.002831, 0.152359, -0.472661, -0.867973, -1.2e-05, 0.0, 0.0, 0.0, 1.0],
                [0.985131, 0.137287, 0.103293, 0.124994, 0.074351, -0.882676, 0.464062, -0.002831, 0.154884, -0.449482, -0.87976, -1.2e-05, 0.0, 0.0, 0.0, 1.0],
                [0.984721, 0.136481, 0.108151, 0.124994, 0.075086, -0.893149, 0.443448, -0.002831, 0.157117, -0.428552, -0.889751, -1.2e-05, 0.0, 0.0, 0.0, 1.0],
                [0.984294, 0.135537, 0.11311, 0.124994, 0.075895, -0.903383, 0.422064, -0.002831, 0.159387, -0.406851, -0.899482, -1.2e-05, 0.0, 0.0, 0.0, 1.0],
                [0.983865, 0.134484, 0.118002, 0.124994, 0.07675, -0.913019, 0.400631, -0.002831, 0.161616, -0.38511, -0.908609, -1.2e-05, 0.0, 0.0, 0.0, 1.0],
                [0.983417, 0.133282, 0.122988, 0.124994, 0.077681, -0.922365, 0.378429, -0.002831, 0.163878, -0.3626, -0.917423, -1.2e-05, 0.0, 0.0, 0.0, 1.0],
                [0.982978, 0.132002, 0.12779, 0.124994, 0.078636, -0.930901, 0.356706, -0.002831, 0.166046, -0.340585, -0.925436, -1.2e-05, 0.0, 0.0, 0.0, 1.0],
                [0.982577, 0.130754, 0.13208, 0.124994, 0.079539, -0.938136, 0.337008, -0.002831, 0.167975, -0.32063, -0.932191, -1.2e-05, 0.0, 0.0, 0.0, 1.0],
                [0.982167, 0.129396, 0.136401, 0.124994, 0.080496, -0.94504, 0.31689, -0.002831, 0.169908, -0.300258, -0.938603, -1.1e-05, 0.0, 0.0, 0.0, 1.0],
                [0.981758, 0.127966, 0.140629, 0.124994, 0.08148, -0.95142, 0.296919, -0.002831, 0.171793, -0.280044, -0.944491, -1.2e-05, 0.0, 0.0, 0.0, 1.0],
                [0.981354, 0.126481, 0.144732, 0.124994, 0.082481, -0.957244, 0.277273, -0.002831, 0.173613, -0.260165, -0.949828, -1.1e-05, 0.0, 0.0, 0.0, 1.0],
                [0.980924, 0.124825, 0.149017, 0.124994, 0.083576, -0.962934, 0.256462, -0.002831, 0.175506, -0.239115, -0.954998, -1.1e-05, 0.0, 0.0, 0.0, 1.0],
                [0.980532, 0.123246, 0.152862, 0.124994, 0.084602, -0.967689, 0.237528, -0.002831, 0.177198, -0.21997, -0.959278, -1.2e-05, 0.0, 0.0, 0.0, 1.0],
                [0.980152, 0.121655, 0.156531, 0.124994, 0.085621, -0.971909, 0.219229, -0.002831, 0.178804, -0.201475, -0.963035, -1.1e-05, 0.0, 0.0, 0.0, 1.0],
                [0.979782, 0.12005, 0.160048, 0.124994, 0.086636, -0.975657, 0.201465, -0.002831, 0.180338, -0.183526, -0.966331, -1.1e-05, 0.0, 0.0, 0.0, 1.0],
                [0.979421, 0.118437, 0.163421, 0.124994, 0.087644, -0.978969, 0.184222, -0.002831, 0.181802, -0.166108, -0.969204, -1.1e-05, 0.0, 0.0, 0.0, 1.0],
                [0.979071, 0.11682, 0.166651, 0.124994, 0.088643, -0.981877, 0.16751, -0.002831, 0.183199, -0.149232, -0.971683, -1.2e-05, 0.0, 0.0, 0.0, 1.0],
                [0.978732, 0.115209, 0.169739, 0.124994, 0.089629, -0.984408, 0.151349, -0.002831, 0.18453, -0.132916, -0.973798, -1.1e-05, 0.0, 0.0, 0.0, 1.0],
                [0.978403, 0.11361, 0.172686, 0.124994, 0.090599, -0.98659, 0.13576, -0.002831, 0.185794, -0.117183, -0.975576, -1.1e-05, 0.0, 0.0, 0.0, 1.0],
                [0.978086, 0.11203, 0.175489, 0.124994, 0.09155, -0.98845, 0.120767, -0.002831, 0.186992, -0.102054, -0.977046, -1.1e-05, 0.0, 0.0, 0.0, 1.0],
                [0.977782, 0.110479, 0.178149, 0.124994, 0.092477, -0.990014, 0.106394, -0.002831, 0.188124, -0.087555, -0.978235, -1.3e-05, 0.0, 0.0, 0.0, 1.0],
                [0.977491, 0.108962, 0.180663, 0.124994, 0.093376, -0.991309, 0.092668, -0.002831, 0.189191, -0.073712, -0.97917, -1.1e-05, 0.0, 0.0, 0.0, 1.0],
                [0.977213, 0.10749, 0.183031, 0.124994, 0.094244, -0.99236, 0.079621, -0.002831, 0.190191, -0.060557, -0.979878, -1.3e-05, 0.0, 0.0, 0.0, 1.0],
                [0.97695, 0.106071, 0.185249, 0.124994, 0.095076, -0.993193, 0.067289, -0.002831, 0.191125, -0.048124, -0.980385, -1.3e-05, 0.0, 0.0, 0.0, 1.0],
                [0.976703, 0.104715, 0.187312, 0.124994, 0.095867, -0.993834, 0.055715, -0.002831, 0.191991, -0.03646, -0.980719, -1.1e-05, 0.0, 0.0, 0.0, 1.0],
                [0.976473, 0.103433, 0.189214, 0.124994, 0.096611, -0.994306, 0.044957, -0.002831, 0.192787, -0.025619, -0.980906, -1.3e-05, 0.0, 0.0, 0.0, 1.0],
                [0.976257, 0.102212, 0.190985, 0.124994, 0.097317, -0.994642, 0.034864, -0.002831, 0.193525, -0.01545, -0.980973, -1.3e-05, 0.0, 0.0, 0.0, 1.0],
                [0.976058, 0.101075, 0.192598, 0.124994, 0.097971, -0.99486, 0.025603, -0.002831, 0.194196, -0.006121, -0.980944, -1.3e-05, 0.0, 0.0, 0.0, 1.0],
                [0.975894, 0.100128, 0.19392, 0.124994, 0.098514, -0.994973, 0.017971, -0.002831, 0.194744, 0.001566, -0.980853, -1.2e-05, 0.0, 0.0, 0.0, 1.0],
                [0.975823, 0.099713, 0.194492, 0.124994, 0.098752, -0.995004, 0.014654, -0.002831, 0.194981, 0.004908, -0.980795, -1.3e-05, 0.0, 0.0, 0.0, 1.0]
            ]
        },
        {
            "name": "Leg_R",
            "time": [0.0, 0.1667, 0.1833, 0.2167, 0.25, 0.2833, 0.3167, 0.35, 0.3833, 0.4333, 0.5667, 0.5833, 0.6, 0.6167, 0.6333, 0.65, 0.6667, 0.6833, 0.7, 0.7167, 0.7333, 0.75, 0.7667, 0.7833, 0.8, 0.8167, 0.8333, 0.85, 0.8667, 0.8833, 0.9, 0.9167, 0.9333, 0.95, 0.9667, 0.9833, 1.0, 1.0167, 1.0333, 1.05, 1.0667, 1.0833, 1.1, 1.1167, 1.1333, 1.15, 1.1667, 1.1833, 1.2, 1.2167, 1.2333, 1.25, 1.2667, 1.2833, 1.3, 1.3167, 1.3333, 1.35, 1.3833, 1.4, 1.4167, 1.4333, 1.45, 1.4667, 1.4833, 1.5, 1.5167, 1.5333, 1.55, 1.5667, 1.5833, 1.6, 1.6167, 1.6333, 1.65, 1.6667, 1.6833, 1.7, 1.7167, 1.7333, 1.75, 1.7667, 1.7833, 1.8, 1.8167, 1.8333, 1.85, 1.8667],
            "transform": [
                [0.999719, -0.023657, -0.001445, 0.0, 0.02313, 0.960496, 0.277332, 0.37472, -0.005173, -0.277288, 0.960773, 0.0, 0.0, 0.0, 0.0, 1.0],
                [0.999719, -0.023657, -0.001445, 0.0, 0.02313, 0.960496, 0.277332, 0.37472, -0.005173, -0.277288, 0.960773, 0.0, 0.0, 0.0, 0.0, 1.0],
                [0.999719, -0.023657, -0.001445, 0.0, 0.02313, 0.960496, 0.277332, 0.37472, -0.005173, -0.277288, 0.960773, 0.0, 0.0, 0.0, 0.0, 1.0],
                [0.999719, -0.023657, -0.001445, 0.0, 0.02313, 0.960496, 0.277332, 0.37472, -0.005173, -0.277288, 0.960773, 0.0, 0.0, 0.0, 0.0, 1.0],
                [0.999719, -0.023657, -0.001445, 0.0, 0.02313, 0.960496, 0.277332, 0.37472, -0.005173, -0.277288, 0.960773, 0.0, 0.0, 0.0, 0.0, 1.0],
                [0.999719, -0.023657, -0.001445, 0.0, 0.02313, 0.960496, 0.277332, 0.37472, -0.005173, -0.277288, 0.960773, 0.0, 0.0, 0.0, 0.0, 1.0],
                [0.999719, -0.023657, -0.001445, 0.0, 0.02313, 0.960496, 0.277332, 0.37472, -0.005173, -0.277288, 0.960773, 0.0, 0.0, 0.0, 0.0, 1.0],
                [0.999719, -0.023657, -0.001445, 0.0, 0.02313, 0.960496, 0.277332, 0.37472, -0.005173, -0.277288, 0.960773, 0.0, 0.0, 0.0, 0.0, 1.0],
                [0.999719, -0.023657, -0.001445, 0.0, 0.02313, 0.960496, 0.277332, 0.37472, -0.005173, -0.277288, 0.960773, 0.0, 0.0, 0.0, 0.0, 1.0],
                [0.999719, -0.023657, -0.001445, 0.0, 0.02313, 0.960496, 0.277332, 0.37472, -0.005173, -0.277288, 0.960773, 0.0, 0.0, 0.0, 0.0, 1.0],
                [0.999719, -0.023657, -0.001445, 0.0, 0.02313, 0.960496, 0.277332, 0.37472, -0.005173, -0.277288, 0.960773, 0.0, 0.0, 0.0, 0.0, 1.0],
                [0.999719, -0.023657, -0.001445, -0.0, 0.02313, 0.960496, 0.277332, 0.37472, -0.005173, -0.277287, 0.960773, -0.0, 0.0, 0.0, 0.0, 1.0],
                [0.99747, 0.014566, -0.069574, -0.0, 0.030058, 0.800532, 0.598535, 0.37472, 0.064415, -0.599113, 0.798069, -0.0, 0.0, 0.0, 0.0, 1.0],
                [0.99747, 0.014566, -0.069574, -0.0, 0.030058, 0.800532, 0.598535, 0.37472, 0.064415, -0.599113, 0.798069, 0.0, 0.0, 0.0, 0.0, 1.0],
                [0.99747, 0.014566, -0.069574, -0.0, 0.030058, 0.800532, 0.598535, 0.37472, 0.064415, -0.599113, 0.798069, 0.0, 0.0, 0.0, 0.0, 1.0],
                [0.99747, 0.014566, -0.069574, -0.0, 0.030058, 0.800532, 0.598535, 0.37472, 0.064415, -0.599113, 0.798069, 0.0, 0.0, 0.0, 0.0, 1.0],
                [0.99747, 0.014566, -0.069574, -0.0, 0.030058, 0.800532, 0.598535, 0.37472, 0.064415, -0.599113, 0.798069, 0.0, 0.0, 0.0, 0.0, 1.0],
                [0.99747, 0.014566, -0.069574, -0.0, 0.030058, 0.800532, 0.598535, 0.37472, 0.064415, -0.599113, 0.798069, 0.0, 0.0, 0.0, 0.0, 1.0],
                [0.99747, 0.014566, -0.069574, -0.0, 0.030058, 0.800532, 0.598535, 0.37472, 0.064415, -0.599113, 0.798069, -0.0, 0.0, 0.0, 0.0, 1.0],
                [0.99747, 0.014566, -0.069574, -0.0, 0.030058, 0.800532, 0.598535, 0.374719, 0.064415, -0.599113, 0.798069, -0.0, 0.0, 0.0, 0.0, 1.0],
                [0.99747, 0.014566, -0.069574, -0.0, 0.030058, 0.800532, 0.598535, 0.374721, 0.064415, -0.599113, 0.798069, -0.0, 0.0, 0.0, 0.0, 1.0],
                [0.99747, 0.014566, -0.069574, -0.0, 0.030058, 0.800532, 0.598535, 0.37472, 0.064415, -0.599113, 0.798069, -0.0, 0.0, 0.0, 0.0, 1.0],
                [0.99747, 0.014566, -0.069574, -0.0, 0.030058, 0.800532, 0.598535, 0.374721, 0.064415, -0.599113, 0.798069, 0.0, 0.0, 0.0, 0.0, 1.0],
                [0.99747, 0.014566, -0.069574, -0.0, 0.030058, 0.800532, 0.598535, 0.37472, 0.064415, -0.599113, 0.798069, -0.0, 0.0, 0.0, 0.0, 1.0],
                [0.99747, 0.014566, -0.069574, 0.0, 0.030058, 0.800532, 0.598535, 0.37472, 0.064415, -0.599113, 0.798069, -0.0, 0.0, 0.0, 0.0, 1.0],
                [0.99747, 0.014566, -0.069574, 0.0, 0.030058, 0.800532, 0.598535, 0.37472, 0.064415, -0.599113, 0.798069, -0.0, 0.0, 0.0, 0.0, 1.0],
                [0.99747, 0.014566, -0.069574, 0.0, 0.030058, 0.800532, 0.598535, 0.37472, 0.064415, -0.599113, 0.798069, -0.0, 0.0, 0.0, 0.0, 1.0],
                [0.99747, 0.014566, -0.069574, 0.0, 0.030058, 0.800532, 0.598535, 0.37472, 0.064415, -0.599113, 0.798069, -0.0, 0.0, 0.0, 0.0, 1.0],
                [0.99747, 0.014566, -0.069574, 0.0, 0.030058, 0.800532, 0.598535, 0.37472, 0.064415, -0.599113, 0.798069, -0.0, 0.0, 0.0, 0.0, 1.0],
                [0.99747, 0.014566, -0.069574, 0.0, 0.030058, 0.800532, 0.598535, 0.37472, 0.064415, -0.599113, 0.798069, -0.0, 0.0, 0.0, 0.0, 1.0],
                [0.99747, 0.014566, -0.069574, 0.0, 0.030058, 0.800532, 0.598535, 0.37472, 0.064415, -0.599113, 0.798069, -0.0, 0.0, 0.0, 0.0, 1.0],
                [0.99747, 0.014566, -0.069574, 0.0, 0.030058, 0.800532, 0.598535, 0.37472, 0.064415, -0.599113, 0.798069, -0.0, 0.0, 0.0, 0.0, 1.0],
                [0.99747, 0.014566, -0.069574, 0.0, 0.030058, 0.800532, 0.598535, 0.37472, 0.064415, -0.599113, 0.798069, -0.0, 0.0, 0.0, 0.0, 1.0],
                [0.99747, 0.014566, -0.069574, 0.0, 0.030058, 0.800532, 0.598535, 0.37472, 0.064415, -0.599113, 0.798069, -0.0, 0.0, 0.0, 0.0, 1.0],
                [0.99747, 0.014566, -0.069574, 0.0, 0.030058, 0.800532, 0.598535, 0.37472, 0.064415, -0.599113, 0.798069, -0.0, 0.0, 0.0, 0.0, 1.0],
                [0.99747, 0.014566, -0.069574, 0.0, 0.030058, 0.800532, 0.598535, 0.37472, 0.064415, -0.599113, 0.798069, -0.0, 0.0, 0.0, 0.0, 1.0],
                [0.99747, 0.014566, -0.069574, 0.0, 0.030058, 0.800532, 0.598535, 0.37472, 0.064415, -0.599113, 0.798069, -0.0, 0.0, 0.0, 0.0, 1.0],
                [0.997477, 0.014509, -0.069496, -0.0, 0.030024, 0.800837, 0.598129, 0.37472, 0.064333, -0.598707, 0.798381, -0.0, 0.0, 0.0, 0.0, 1.0],
                [0.997495, 0.014342, -0.069265, 0.0, 0.029924, 0.801727, 0.596941, 0.37472, 0.064093, -0.597519, 0.799289, 0.0, 0.0, 0.0, 0.0, 1.0],
                [0.997525, 0.014069, -0.06889, -0.0, 0.029764, 0.803163, 0.595015, 0.374718, 0.063701, -0.595593, 0.800756, 0.0, 0.0, 0.0, 0.0, 1.0],
                [0.997566, 0.013698, -0.068377, -0.0, 0.02955, 0.805106, 0.592395, 0.37472, 0.063166, -0.592973, 0.802741, 0.0, 0.0, 0.0, 0.0, 1.0],
                [0.997616, 0.013233, -0.067736, -0.0, 0.029288, 0.807514, 0.58912, 0.37472, 0.062493, -0.589699, 0.805201, 0.0, 0.0, 0.0, 0.0, 1.0],
                [0.997674, 0.012681, -0.066971, 0.0, 0.028985, 0.810346, 0.585234, 0.37472, 0.061691, -0.585814, 0.808094, 0.0, 0.0, 0.0, 0.0, 1.0],
                [0.997741, 0.012049, -0.066092, -0.0, 0.028647, 0.813559, 0.580776, 0.374721, 0.060767, -0.581358, 0.811376, 1e-06, 0.0, 0.0, 0.0, 1.0],
                [0.997814, 0.011342, -0.065103, 0.0, 0.02828, 0.81711, 0.575788, 0.37472, 0.059727, -0.576371, 0.815003, -1e-06, 0.0, 0.0, 0.0, 1.0],
                [0.997893, 0.010567, -0.064013, 0.0, 0.027891, 0.820956, 0.570311, 0.37472, 0.058578, -0.570894, 0.818931, -0.0, 0.0, 0.0, 0.0, 1.0],
                [0.997977, 0.00973, -0.062829, 0.0, 0.027487, 0.825054, 0.564385, 0.37472, 0.057329, -0.56497, 0.823117, -0.0, 0.0, 0.0, 0.0, 1.0],
                [0.998065, 0.008838, -0.061557, 0.0, 0.027075, 0.829363, 0.558054, 0.374721, 0.055985, -0.558641, 0.827518, -0.0, 0.0, 0.0, 0.0, 1.0],
                [0.998155, 0.007897, -0.060206, 0.0, 0.026659, 0.83384, 0.551362, 0.37472, 0.054556, -0.551949, 0.832091, -1e-06, 0.0, 0.0, 0.0, 1.0],
                [0.998247, 0.006913, -0.058781, 0.0, 0.026248, 0.838447, 0.544351, 0.374721, 0.053048, -0.54494, 0.836795, -0.0, 0.0, 0.0, 0.0, 1.0],
                [0.99834, 0.005891, -0.057292, -0.0, 0.025846, 0.843142, 0.537069, 0.37472, 0.05147, -0.537659, 0.84159, -0.0, 0.0, 0.0, 0.0, 1.0],
                [0.998433, 0.004837, -0.055746, 0.0, 0.02546, 0.847889, 0.529563, 0.374721, 0.049829, -0.530152, 0.846437, 1e-06, 0.0, 0.0, 0.0, 1.0],
                [0.998526, 0.003757, -0.054152, -0.0, 0.025094, 0.85265, 0.52188, 0.37472, 0.048133, -0.522469, 0.851299, 1e-06, 0.0, 0.0, 0.0, 1.0],
                [0.998617, 0.002656, -0.052517, -0.0, 0.024755, 0.857391, 0.51407, 0.374721, 0.046392, -0.514659, 0.856139, 0.0, 0.0, 0.0, 0.0, 1.0],
                [0.998705, 0.001536, -0.050844, -0.0, 0.024442, 0.862102, 0.506145, 0.374719, 0.044611, -0.506732, 0.860949, 0.0, 0.0, 0.0, 0.0, 1.0],
                [0.998793, 0.000403, -0.049121, -0.0, 0.024142, 0.866841, 0.498, 0.37472, 0.042781, -0.498585, 0.865785, 0.0, 0.0, 0.0, 0.0, 1.0],
                [0.998878, -0.00074, -0.047353, 0.0, 0.023858, 0.871588, 0.489658, 0.374721, 0.04091, -0.490238, 0.870628, -1e-06, 0.0, 0.0, 0.0, 1.0],
                [0.998961, -0.001887, -0.045545, 0.0, 0.023592, 0.876326, 0.481141, 0.37472, 0.039004, -0.481715, 0.87546, 0.0, 0.0, 0.0, 0.0, 1.0],
                [0.999116, -0.004179, -0.041826, -0.0, 0.023115, 0.885702, 0.463679, 0.37472, 0.035107, -0.464236, 0.885016, 1e-06, 0.0, 0.0, 0.0, 1.0],
                [0.999188, -0.005315, -0.039926, 0.0, 0.022908, 0.890307, 0.454783, 0.37472, 0.033129, -0.455329, 0.889707, -1e-06, 0.0, 0.0, 0.0, 1.0],
                [0.999257, -0.006439, -0.038007, 0.0, 0.022722, 0.894838, 0.445812, 0.37472, 0.031139, -0.446344, 0.894319, -2e-06, 0.0, 0.0, 0.0, 1.0],
                [0.999321, -0.007547, -0.036074, -0.0, 0.022559, 0.89928, 0.436791, 0.37472, 0.029144, -0.437308, 0.898839, 1e-06, 0.0, 0.0, 0.0, 1.0],
                [0.99938, -0.008636, -0.034133, -0.0, 0.022418, 0.903621, 0.427747, 0.37472, 0.027149, -0.428247, 0.903254, -1e-06, 0.0, 0.0, 0.0, 1.0],
                [0.999435, -0.009703, -0.032189, -0.0, 0.022299, 0.907848, 0.418706, 0.37472, 0.02516, -0.419187, 0.907551, -1e-06, 0.0, 0.0, 0.0, 1.0],
                [0.999485, -0.010744, -0.03025, -0.0, 0.022203, 0.911951, 0.409697, 0.37472, 0.023185, -0.410158, 0.91172, -1e-06, 0.0, 0.0, 0.0, 1.0],
                [0.99953, -0.011757, -0.02832, 1e-06, 0.022128, 0.915921, 0.400748, 0.37472, 0.021228, -0.401187, 0.91575, 0.0, 0.0, 0.0, 0.0, 1.0],
                [0.99957, -0.01274, -0.026407, 0.0, 0.022075, 0.919749, 0.391887, 0.37472, 0.019296, -0.392301, 0.919634, 1e-06, 0.0, 0.0, 0.0, 1.0],
                [0.999606, -0.013689, -0.024517, 0.0, 0.022043, 0.923426, 0.383142, 0.37472, 0.017394, -0.383531, 0.923364, 0.0, 0.0, 0.0, 0.0, 1.0],
                [0.999637, -0.014604, -0.022655, 0.0, 0.02203, 0.926948, 0.374542, 0.37472, 0.01553, -0.374905, 0.926933, -1e-06, 0.0, 0.0, 0.0, 1.0],
                [0.999663, -0.015481, -0.020828, 0.0, 0.022035, 0.930308, 0.366117, 0.37472, 0.013709, -0.366452, 0.930336, -2e-06, 0.0, 0.0, 0.0, 1.0],
                [0.999685, -0.01632, -0.019044, 0.0, 0.022057, 0.933502, 0.357894, 0.37472, 0.011937, -0.358202, 0.933568, 1e-06, 0.0, 0.0, 0.0, 1.0],
                [0.999704, -0.017119, -0.017308, -0.0, 0.022095, 0.936525, 0.349904, 0.37472, 0.010219, -0.350183, 0.936625, -0.0, 0.0, 0.0, 0.0, 1.0],
                [0.999718, -0.017876, -0.015627, -0.0, 0.022146, 0.939375, 0.342176, 0.37472, 0.008562, -0.342426, 0.939506, -2e-06, 0.0, 0.0, 0.0, 1.0],
                [0.999729, -0.018591, -0.014007, 0.0, 0.022208, 0.942049, 0.33474, 0.37472, 0.006972, -0.33496, 0.942207, -1e-06, 0.0, 0.0, 0.0, 1.0],
                [0.999737, -0.019262, -0.012456, -0.0, 0.02228, 0.944546, 0.327623, 0.37472, 0.005454, -0.327814, 0.944727, -0.0, 0.0, 0.0, 0.0, 1.0],
                [0.999742, -0.019889, -0.010979, -0.0, 0.02236, 0.946864, 0.320856, 0.37472, 0.004014, -0.321018, 0.947065, 1e-06, 0.0, 0.0, 0.0, 1.0],
                [0.999745, -0.02047, -0.009583, -0.0, 0.022445, 0.949003, 0.314467, 0.37472, 0.002657, -0.314602, 0.94922, 0.0, 0.0, 0.0, 0.0, 1.0],
                [0.999745, -0.021005, -0.008276, -0.0, 0.022534, 0.950962, 0.308486, 0.37472, 0.00139, -0.308593, 0.951193, -1e-06, 0.0, 0.0, 0.0, 1.0],
                [0.999744, -0.021494, -0.007062, -0.0, 0.022623, 0.952741, 0.302941, 0.37472, 0.000217, -0.303023, 0.952983, -1e-06, 0.0, 0.0, 0.0, 1.0],
                [0.999742, -0.021935, -0.00595, -0.0, 0.022712, 0.954339, 0.29786, 0.37472, -0.000855, -0.297919, 0.954591, -0.0, 0.0, 0.0, 0.0, 1.0],
                [0.999739, -0.022328, -0.004945, 0.0, 0.022796, 0.955757, 0.293274, 0.37472, -0.001822, -0.29331, 0.956016, -0.0, 0.0, 0.0, 0.0, 1.0],
                [0.999735, -0.022672, -0.004053, 0.0, 0.022876, 0.956993, 0.289209, 0.37472, -0.002678, -0.289225, 0.957258, -0.0, 0.0, 0.0, 0.0, 1.0],
                [0.999731, -0.022967, -0.003282, -0.0, 0.022947, 0.958046, 0.285693, 0.37472, -0.003417, -0.285692, 0.958315, -1e-06, 0.0, 0.0, 0.0, 1.0],
                [0.999727, -0.023211, -0.002637, -0.0, 0.02301, 0.958916, 0.282756, 0.37472, -0.004034, -0.282739, 0.959188, -0.0, 0.0, 0.0, 0.0, 1.0],
                [0.999724, -0.023404, -0.002125, 0.0, 0.02306, 0.959599, 0.280423, 0.37472, -0.004524, -0.280395, 0.959874, 1e-06, 0.0, 0.0, 0.0, 1.0],
                [0.999721, -0.023543, -0.001751, 0.0, 0.023098, 0.960093, 0.278724, 0.37472, -0.004881, -0.278687, 0.96037, -1e-06, 0.0, 0.0, 0.0, 1.0],
                [0.99972, -0.023628, -0.001523, 0.0, 0.023122, 0.960394, 0.277684, 0.37472, -0.005099, -0.277642, 0.960671, 0.0, 0.0, 0.0, 0.0, 1.0],
                [0.999719, -0.023657, -0.001445, -0.0, 0.02313, 0.960496, 0.277332, 0.37472, -0.005173, -0.277288, 0.960773, -1e-06, 0.0, 0.0, 0.0, 1.0]
            ]
        },
        {
            "name": "Knee_R",
            "time": [0.1667, 0.1833, 0.2167, 0.25, 0.2833, 0.3167, 0.35, 0.3833, 0.5833, 0.6167, 0.6333, 0.65, 0.6667, 0.6833, 0.7, 0.7167, 0.7333, 0.75, 0.7667, 0.7833, 0.8, 0.8167, 0.8333, 0.85, 0.8667, 0.8833, 0.9, 0.9167, 0.9333, 0.95, 0.9667, 0.9833, 1.0, 1.0167, 1.0333, 1.05, 1.0667, 1.0833, 1.1, 1.1167, 1.1333, 1.15, 1.1667, 1.1833, 1.2, 1.2167, 1.2333, 1.25, 1.2667, 1.2833, 1.3, 1.3167, 1.3333, 1.35, 1.3833, 1.4, 1.4167, 1.4333, 1.45, 1.4667, 1.4833, 1.5, 1.5167, 1.5333, 1.55, 1.5667, 1.5833, 1.6, 1.6167, 1.6333, 1.65, 1.6667, 1.6833, 1.7, 1.7167, 1.7333, 1.75, 1.7667, 1.7833, 1.8, 1.8167, 1.8333, 1.85, 1.8667, 0.0],
            "transform": [
                [1.0, 0.0, -0.0, 0.0, -0.0, 1e-06, -1.0, 0.37472, -0.0, 1.0, 1e-06, 0.0, 0.0, 0.0, 0.0, 1.0],
                [1.0, 0.0, -0.0, 0.0, -0.0, 1e-06, -1.0, 0.37472, -0.0, 1.0, 1e-06, 0.0, 0.0, 0.0, 0.0, 1.0],
                [1.0, 0.0, -0.0, 0.0, -0.0, 1e-06, -1.0, 0.37472, -0.0, 1.0, 1e-06, 0.0, 0.0, 0.0, 0.0, 1.0],
                [1.0, 0.0, -0.0, 0.0, -0.0, 1e-06, -1.0, 0.37472, -0.0, 1.0, 1e-06, 0.0, 0.0, 0.0, 0.0, 1.0],
                [1.0, 0.0, -0.0, 0.0, -0.0, 1e-06, -1.0, 0.37472, -0.0, 1.0, 1e-06, 0.0, 0.0, 0.0, 0.0, 1.0],
                [1.0, 0.0, -0.0, 0.0, -0.0, 1e-06, -1.0, 0.37472, -0.0, 1.0, 1e-06, 0.0, 0.0, 0.0, 0.0, 1.0],
                [1.0, 0.0, -0.0, 0.0, -0.0, 1e-06, -1.0, 0.37472, -0.0, 1.0, 1e-06, 0.0, 0.0, 0.0, 0.0, 1.0],
                [1.0, 0.0, -0.0, 0.0, -0.0, 1e-06, -1.0, 0.37472, -0.0, 1.0, 1e-06, 0.0, 0.0, 0.0, 0.0, 1.0],
                [1.0, 0.0, -0.0, 0.0, -0.0, 1e-06, -1.0, 0.37472, -0.0, 1.0, 1e-06, 0.0, 0.0, 0.0, 0.0, 1.0],
                [1.0, 0.0, -0.0, -0.0, -0.0, 1e-06, -1.0, 0.37472, -0.0, 1.0, 1e-06, -0.0, 0.0, 0.0, 0.0, 1.0],
                [1.0, 0.0, -0.0, -0.0, -0.0, 1e-06, -1.0, 0.37472, -0.0, 1.0, 1e-06, 0.0, 0.0, 0.0, 0.0, 1.0],
                [1.0, 0.0, -0.0, -0.0, -0.0, 1e-06, -1.0, 0.37472, -0.0, 1.0, 1e-06, 0.0, 0.0, 0.0, 0.0, 1.0],
                [1.0, 0.0, -0.0, -0.0, -0.0, 1e-06, -1.0, 0.37472, -0.0, 1.0, 1e-06, 0.0, 0.0, 0.0, 0.0, 1.0],
                [1.0, 0.0, -0.0, -0.0, -0.0, 1e-06, -1.0, 0.37472, -0.0, 1.0, 1e-06, 0.0, 0.0, 0.0, 0.0, 1.0],
                [1.0, 0.0, -0.0, -0.0, -0.0, 1e-06, -1.0, 0.37472, -0.0, 1.0, 1e-06, 0.0, 0.0, 0.0, 0.0, 1.0],
                [1.0, 0.0, -0.0, -0.0, -0.0, 1e-06, -1.0, 0.37472, -0.0, 1.0, 1e-06, -0.0, 0.0, 0.0, 0.0, 1.0],
                [1.0, 0.0, -0.0, -0.0, -0.0, 1e-06, -1.0, 0.374719, -0.0, 1.0, 1e-06, -0.0, 0.0, 0.0, 0.0, 1.0],
                [1.0, 0.0, -0.0, -0.0, -0.0, 1e-06, -1.0, 0.374721, -0.0, 1.0, 1e-06, -0.0, 0.0, 0.0, 0.0, 1.0],
                [1.0, 0.0, -0.0, -0.0, -0.0, 1e-06, -1.0, 0.37472, -0.0, 1.0, 1e-06, -0.0, 0.0, 0.0, 0.0, 1.0],
                [1.0, 0.0, -0.0, -0.0, -0.0, 1e-06, -1.0, 0.374721, -0.0, 1.0, 1e-06, 0.0, 0.0, 0.0, 0.0, 1.0],
                [1.0, 0.0, -0.0, -0.0, -0.0, 1e-06, -1.0, 0.37472, -0.0, 1.0, 1e-06, -0.0, 0.0, 0.0, 0.0, 1.0],
                [1.0, 0.0, -0.0, 0.0, -0.0, 1e-06, -1.0, 0.37472, -0.0, 1.0, 1e-06, -0.0, 0.0, 0.0, 0.0, 1.0],
                [1.0, 0.0, -0.0, 0.0, -0.0, 1e-06, -1.0, 0.37472, -0.0, 1.0, 1e-06, -0.0, 0.0, 0.0, 0.0, 1.0],
                [1.0, 0.0, -0.0, 0.0, -0.0, 1e-06, -1.0, 0.37472, -0.0, 1.0, 1e-06, -0.0, 0.0, 0.0, 0.0, 1.0],
                [1.0, 0.0, -0.0, 0.0, -0.0, 1e-06, -1.0, 0.37472, -0.0, 1.0, 1e-06, -0.0, 0.0, 0.0, 0.0, 1.0],
                [1.0, 0.0, -0.0, 0.0, -0.0, 1e-06, -1.0, 0.37472, -0.0, 1.0, 1e-06, -0.0, 0.0, 0.0, 0.0, 1.0],
                [1.0, 0.0, -0.0, 0.0, -0.0, 1e-06, -1.0, 0.37472, -0.0, 1.0, 1e-06, -0.0, 0.0, 0.0, 0.0, 1.0],
                [1.0, 0.0, -0.0, 0.0, -0.0, 1e-06, -1.0, 0.37472, -0.0, 1.0, 1e-06, -0.0, 0.0, 0.0, 0.0, 1.0],
                [1.0, 0.0, -0.0, 0.0, -0.0, 1e-06, -1.0, 0.37472, -0.0, 1.0, 1e-06, -0.0, 0.0, 0.0, 0.0, 1.0],
                [1.0, 0.0, -0.0, 0.0, -0.0, 1e-06, -1.0, 0.37472, -0.0, 1.0, 1e-06, -0.0, 0.0, 0.0, 0.0, 1.0],
                [1.0, 0.0, -0.0, 0.0, -0.0, 1e-06, -1.0, 0.37472, -0.0, 1.0, 1e-06, -0.0, 0.0, 0.0, 0.0, 1.0],
                [1.0, 0.0, -0.0, 0.0, -0.0, 1e-06, -1.0, 0.37472, -0.0, 1.0, 1e-06, -0.0, 0.0, 0.0, 0.0, 1.0],
                [1.0, 0.0, -0.0, 0.0, -0.0, 1e-06, -1.0, 0.37472, -0.0, 1.0, 1e-06, -0.0, 0.0, 0.0, 0.0, 1.0],
                [1.0, 0.0, -0.0, 0.0, -0.0, 1e-06, -1.0, 0.37472, -0.0, 1.0, 1e-06, -0.0, 0.0, 0.0, 0.0, 1.0],
                [1.0, 0.0, -0.0, -0.0, -0.0, 1e-06, -1.0, 0.37472, -0.0, 1.0, 1e-06, -0.0, 0.0, 0.0, 0.0, 1.0],
                [1.0, 0.0, -0.0, 0.0, -0.0, 1e-06, -1.0, 0.37472, -0.0, 1.0, 1e-06, 0.0, 0.0, 0.0, 0.0, 1.0],
                [1.0, 0.0, -0.0, -0.0, -0.0, 1e-06, -1.0, 0.374718, -0.0, 1.0, 1e-06, 0.0, 0.0, 0.0, 0.0, 1.0],
                [1.0, 0.0, -0.0, -0.0, -0.0, 1e-06, -1.0, 0.37472, -0.0, 1.0, 1e-06, 0.0, 0.0, 0.0, 0.0, 1.0],
                [1.0, 0.0, -0.0, -0.0, -0.0, 1e-06, -1.0, 0.37472, -0.0, 1.0, 1e-06, 0.0, 0.0, 0.0, 0.0, 1.0],
                [1.0, 0.0, -0.0, 0.0, -0.0, 1e-06, -1.0, 0.37472, -0.0, 1.0, 1e-06, 0.0, 0.0, 0.0, 0.0, 1.0],
                [1.0, 0.0, -0.0, -0.0, -0.0, 1e-06, -1.0, 0.374721, -0.0, 1.0, 1e-06, 1e-06, 0.0, 0.0, 0.0, 1.0],
                [1.0, 0.0, -0.0, 0.0, -0.0, 1e-06, -1.0, 0.37472, -0.0, 1.0, 1e-06, -1e-06, 0.0, 0.0, 0.0, 1.0],
                [1.0, 0.0, -0.0, 0.0, -0.0, 1e-06, -1.0, 0.37472, -0.0, 1.0, 1e-06, -0.0, 0.0, 0.0, 0.0, 1.0],
                [1.0, 0.0, -0.0, 0.0, -0.0, 1e-06, -1.0, 0.37472, -0.0, 1.0, 1e-06, -0.0, 0.0, 0.0, 0.0, 1.0],
                [1.0, 0.0, -0.0, 0.0, -0.0, 1e-06, -1.0, 0.374721, -0.0, 1.0, 1e-06, -0.0, 0.0, 0.0, 0.0, 1.0],
                [1.0, 0.0, -0.0, 0.0, -0.0, 1e-06, -1.0, 0.37472, -0.0, 1.0, 1e-06, -1e-06, 0.0, 0.0, 0.0, 1.0],
                [1.0, 0.0, -0.0, 0.0, -0.0, 1e-06, -1.0, 0.374721, -0.0, 1.0, 1e-06, -0.0, 0.0, 0.0, 0.0, 1.0],
                [1.0, 0.0, -0.0, -0.0, -0.0, 1e-06, -1.0, 0.37472, -0.0, 1.0, 1e-06, -0.0, 0.0, 0.0, 0.0, 1.0],
                [1.0, 0.0, -0.0, 0.0, -0.0, 1e-06, -1.0, 0.374721, -0.0, 1.0, 1e-06, 1e-06, 0.0, 0.0, 0.0, 1.0],
                [1.0, 0.0, -0.0, -0.0, -0.0, 1e-06, -1.0, 0.37472, -0.0, 1.0, 1e-06, 1e-06, 0.0, 0.0, 0.0, 1.0],
                [1.0, 0.0, -0.0, -0.0, -0.0, 1e-06, -1.0, 0.374721, -0.0, 1.0, 1e-06, 0.0, 0.0, 0.0, 0.0, 1.0],
                [1.0, 0.0, -0.0, -0.0, -0.0, 1e-06, -1.0, 0.374719, -0.0, 1.0, 1e-06, 0.0, 0.0, 0.0, 0.0, 1.0],
                [1.0, 0.0, -0.0, -0.0, -0.0, 1e-06, -1.0, 0.37472, -0.0, 1.0, 1e-06, 0.0, 0.0, 0.0, 0.0, 1.0],
                [1.0, 0.0, -0.0, 0.0, -0.0, 1e-06, -1.0, 0.374721, -0.0, 1.0, 1e-06, -1e-06, 0.0, 0.0, 0.0, 1.0],
                [1.0, 0.0, -0.0, 0.0, -0.0, 1e-06, -1.0, 0.37472, -0.0, 1.0, 1e-06, 0.0, 0.0, 0.0, 0.0, 1.0],
                [1.0, 0.0, -0.0, -0.0, -0.0, 1e-06, -1.0, 0.37472, -0.0, 1.0, 1e-06, 1e-06, 0.0, 0.0, 0.0, 1.0],
                [1.0, 0.0, -0.0, 0.0, -0.0, 1e-06, -1.0, 0.37472, -0.0, 1.0, 1e-06, -1e-06, 0.0, 0.0, 0.0, 1.0],
                [1.0, 0.0, -0.0, 0.0, -0.0, 1e-06, -1.0, 0.37472, -0.0, 1.0, 1e-06, -2e-06, 0.0, 0.0, 0.0, 1.0],
