{
    "animation": [
        {
            "name": "Root",
            "time": [0.0, 0.1333, 0.25, 0.3333, 0.35, 0.3667, 0.3833, 0.4, 0.45, 0.4833, 0.5833, 0.6833, 1.0, 1.5333, 1.8333],
            "transform": [
                [0.070027, 0.0, 0.997545, -5e-06, 0.997545, 0.0, -0.070027, 0.000946, 0.0, 1.0, 0.0, 0.450706, 0.0, 0.0, 0.0, 1.0],
                [0.070027, 0.0, 0.997545, -5e-06, 0.997545, 0.0, -0.070027, 0.000946, 0.0, 1.0, 0.0, 0.450706, 0.0, 0.0, 0.0, 1.0],
                [0.070027, 0.0, 0.997545, -5e-06, 0.997545, 0.0, -0.070027, 0.000946, 0.0, 1.0, 0.0, 0.450706, 0.0, 0.0, 0.0, 1.0],
                [1.0, 0.0, 0.0, -5e-06, 0.0, 0.0, -1.0, 0.000946, 0.0, 1.0, 0.0, 0.450706, 0.0, 0.0, 0.0, 1.0],
                [1.0, 0.0, 0.0, -5e-06, 0.0, 0.0, -1.0, 1.357993, 0.0, 1.0, 0.0, 0.610706, 0.0, 0.0, 0.0, 1.0],
                [1.0, 0.0, 0.0, -5e-06, 0.0, 0.0, -1.0, 2.517993, 0.0, 1.0, 0.0, 0.730706, 0.0, 0.0, 0.0, 1.0],
                [1.0, 0.0, 0.0, -5e-06, 0.0, 0.0, -1.0, 3.717993, 0.0, 1.0, 0.0, 0.660706, 0.0, 0.0, 0.0, 1.0],
                [1.0, 0.0, 0.0, -5e-06, 0.0, 0.0, -1.0, 4.517993, 0.0, 1.0, 0.0, 0.610706, 0.0, 0.0, 0.0, 1.0],
                [0.503896, 0.0, -0.863764, -5e-06, -0.863764, 0.0, -0.503896, 4.973099, 0.0, 1.0, 0.0, 0.499363, 0.0, 0.0, 0.0, 1.0],
                [0.042117, 0.0, -0.999113, -5e-06, -0.999113, 0.0, -0.042117, 5.093465, 0.0, 1.0, 0.0, 0.472885, 0.0, 0.0, 0.0, 1.0],
                [0.019307, 0.0, -0.999814, -5e-06, -0.999814, 0.0, -0.019307, 5.301473, 0.0, 1.0, 0.0, 0.471541, 0.0, 0.0, 0.0, 1.0],
                [0.019307, 0.0, -0.999814, -5e-06, -0.999814, 0.0, -0.019307, 5.391473, 0.0, 1.0, 0.0, 0.471541, 0.0, 0.0, 0.0, 1.0],
                [0.019307, 0.0, -0.999814, -5e-06, -0.999814, 0.0, -0.019307, 5.391473, 0.0, 1.0, 0.0, 0.471541, 0.0, 0.0, 0.0, 1.0],
                [0.944309, 0.0, -0.32906, -5e-06, -0.32906, 0.0, -0.944309, 5.390946, 0.0, 1.0, 0.0, 0.72957, 0.0, 0.0, 0.0, 1.0],
                [0.944309, 0.0, -0.32906, -5e-06, -0.32906, 0.0, -0.944309, 5.390946, 0.0, 1.0, 0.0, 0.72957, 0.0, 0.0, 0.0, 1.0]
            ]
        },
        {
            "name": "Thigh_R",
            "time": [0.0, 0.1333, 0.25, 0.3333, 0.35, 0.3667, 0.3833, 0.4, 0.45, 0.4833, 0.5833, 1.0, 1.3833, 1.4, 1.4167, 1.4333, 1.45, 1.4667, 1.4833, 1.5, 1.5167, 1.5333, 1.55, 1.5667, 1.5833, 1.6, 1.6167, 1.6333, 1.65, 1.6667, 1.6833, 1.7, 1.7167, 1.7333, 1.75, 1.7667, 1.7833, 1.8, 1.8167, 1.8333],
            "transform": [
                [0.255675, 0.894081, 0.367762, 0.124994, 0.071179, -0.396782, 0.915149, -0.002831, 0.964139, -0.207804, -0.165088, -1.2e-05, 0.0, 0.0, 0.0, 1.0],
                [0.255675, 0.894081, 0.367762, 0.124994, 0.071179, -0.396782, 0.915149, -0.002831, 0.964139, -0.207804, -0.165088, -1.2e-05, 0.0, 0.0, 0.0, 1.0],
                [0.255675, 0.894081, 0.367762, 0.124994, 0.071179, -0.396782, 0.915149, -0.002831, 0.964139, -0.207804, -0.165088, -1.2e-05, 0.0, 0.0, 0.0, 1.0],
                [0.992841, 0.116522, -0.026273, 0.124994, 0.070937, -0.398222, 0.914542, -0.002831, 0.096102, -0.909858, -0.403638, -1.2e-05, 0.0, 0.0, 0.0, 1.0],
                [0.991062, 0.133401, -0.000405, 0.124994, 0.100626, -0.74557, 0.658786, -0.002831, 0.087581, -0.652939, -0.75233, -1.2e-05, 0.0, 0.0, 0.0, 1.0],
                [0.991062, 0.133401, -0.000405, 0.124994, 0.128159, -0.951261, 0.280495, -0.002831, 0.037033, -0.278039, -0.959856, -1.2e-05, 0.0, 0.0, 0.0, 1.0],
                [0.980776, 0.174163, -0.088005, 0.124994, 0.14878, -0.959238, -0.240265, -0.002831, -0.126263, 0.222553, -0.96671, -1.2e-05, 0.0, 0.0, 0.0, 1.0],
                [0.991062, 0.133401, -0.000405, 0.124994, 0.095956, -0.714981, -0.692528, -0.002831, -0.092674, 0.6863, -0.721391, -1.2e-05, 0.0, 0.0, 0.0, 1.0],
                [0.896967, 0.43892, 0.052902, 0.09924, 0.438236, -0.866962, -0.237332, 0.020818, -0.058307, 0.236063, -0.969987, -0.000509, 0.0, 0.0, 0.0, 1.0],
                [0.82962, 0.558292, 0.006326, 0.083406, 0.55829, -0.829376, -0.021167, 0.035357, -0.006571, 0.021093, -0.999756, -0.000815, 0.0, 0.0, 0.0, 1.0],
                [0.827213, 0.561871, 0.004296, 0.082785, 0.561871, -0.827105, -0.014108, 0.035926, -0.004374, 0.014085, -0.999891, -0.000827, 0.0, 0.0, 0.0, 1.0],
                [0.826109, 0.5635, 0.003358, 0.082524, 0.5635, -0.826044, -0.010881, 0.036166, -0.003358, 0.010881, -0.999935, -0.000832, 0.0, 0.0, 0.0, 1.0],
                [0.984721, 0.136481, 0.108151, 0.124994, 0.075086, -0.893149, 0.443448, -0.002831, 0.157117, -0.428552, -0.889751, -1.1e-05, 0.0, 0.0, 0.0, 1.0],
                [0.984295, 0.135537, 0.11311, 0.124994, 0.075895, -0.903383, 0.422064, -0.002831, 0.159387, -0.406851, -0.899482, -1.2e-05, 0.0, 0.0, 0.0, 1.0],
                [0.983865, 0.134484, 0.118002, 0.124994, 0.07675, -0.913019, 0.400631, -0.002831, 0.161616, -0.385109, -0.908609, -1.1e-05, 0.0, 0.0, 0.0, 1.0],
                [0.983417, 0.133282, 0.122988, 0.124994, 0.077681, -0.922365, 0.378429, -0.002831, 0.163878, -0.3626, -0.917423, -1.2e-05, 0.0, 0.0, 0.0, 1.0],
                [0.982978, 0.132002, 0.12779, 0.124994, 0.078636, -0.930901, 0.356706, -0.002831, 0.166046, -0.340585, -0.925435, -1.2e-05, 0.0, 0.0, 0.0, 1.0],
                [0.982577, 0.130754, 0.13208, 0.124994, 0.079539, -0.938136, 0.337008, -0.002831, 0.167975, -0.32063, -0.932191, -1.2e-05, 0.0, 0.0, 0.0, 1.0],
                [0.982167, 0.129396, 0.136401, 0.124994, 0.080496, -0.94504, 0.31689, -0.002831, 0.169908, -0.300258, -0.938603, -1.1e-05, 0.0, 0.0, 0.0, 1.0],
                [0.981758, 0.127966, 0.140629, 0.124994, 0.08148, -0.95142, 0.296919, -0.002831, 0.171793, -0.280044, -0.944491, -1.1e-05, 0.0, 0.0, 0.0, 1.0],
                [0.981354, 0.126481, 0.144732, 0.124994, 0.082481, -0.957244, 0.277273, -0.002831, 0.173613, -0.260165, -0.949828, -1.2e-05, 0.0, 0.0, 0.0, 1.0],
                [0.980924, 0.124825, 0.149017, 0.124994, 0.083576, -0.962934, 0.256462, -0.002831, 0.175506, -0.239115, -0.954998, -1.1e-05, 0.0, 0.0, 0.0, 1.0],
                [0.980532, 0.123246, 0.152862, 0.124994, 0.084602, -0.967689, 0.237528, -0.002831, 0.177198, -0.219971, -0.959278, -1.1e-05, 0.0, 0.0, 0.0, 1.0],
                [0.980152, 0.121655, 0.156531, 0.124994, 0.085621, -0.971909, 0.219229, -0.002831, 0.178804, -0.201475, -0.963035, -1.1e-05, 0.0, 0.0, 0.0, 1.0],
                [0.979782, 0.12005, 0.160048, 0.124994, 0.086636, -0.975657, 0.201465, -0.002831, 0.180338, -0.183526, -0.966331, -1.1e-05, 0.0, 0.0, 0.0, 1.0],
                [0.979421, 0.118437, 0.163421, 0.124994, 0.087644, -0.978969, 0.184222, -0.002831, 0.181802, -0.166108, -0.969204, -1.1e-05, 0.0, 0.0, 0.0, 1.0],
                [0.979071, 0.11682, 0.166651, 0.124994, 0.088643, -0.981877, 0.16751, -0.002831, 0.183199, -0.149232, -0.971683, -1.1e-05, 0.0, 0.0, 0.0, 1.0],
                [0.978731, 0.115209, 0.16974, 0.124994, 0.089629, -0.984408, 0.151349, -0.002831, 0.18453, -0.132916, -0.973798, -1.1e-05, 0.0, 0.0, 0.0, 1.0],
                [0.978403, 0.11361, 0.172686, 0.124994, 0.090599, -0.98659, 0.13576, -0.002831, 0.185794, -0.117183, -0.975576, -1.1e-05, 0.0, 0.0, 0.0, 1.0],
                [0.978086, 0.11203, 0.175489, 0.124994, 0.09155, -0.98845, 0.120767, -0.002831, 0.186992, -0.102054, -0.977046, -1.1e-05, 0.0, 0.0, 0.0, 1.0],
                [0.977782, 0.110479, 0.178149, 0.124994, 0.092477, -0.990014, 0.106394, -0.002831, 0.188124, -0.087555, -0.978235, -1.1e-05, 0.0, 0.0, 0.0, 1.0],
                [0.977491, 0.108962, 0.180663, 0.124994, 0.093376, -0.991309, 0.092668, -0.002831, 0.189191, -0.073712, -0.97917, -1.1e-05, 0.0, 0.0, 0.0, 1.0],
                [0.977213, 0.10749, 0.183031, 0.124994, 0.094244, -0.99236, 0.079621, -0.002831, 0.190191, -0.060557, -0.979878, -1.1e-05, 0.0, 0.0, 0.0, 1.0],
                [0.97695, 0.106071, 0.185249, 0.124994, 0.095076, -0.993193, 0.067289, -0.002831, 0.191125, -0.048124, -0.980385, -1.1e-05, 0.0, 0.0, 0.0, 1.0],
                [0.976703, 0.104715, 0.187312, 0.124994, 0.095867, -0.993834, 0.055715, -0.002831, 0.191991, -0.03646, -0.980719, -1.1e-05, 0.0, 0.0, 0.0, 1.0],
                [0.976473, 0.103433, 0.189214, 0.124994, 0.096611, -0.994306, 0.044957, -0.002831, 0.192787, -0.025619, -0.980906, -1.1e-05, 0.0, 0.0, 0.0, 1.0],
                [0.976257, 0.102212, 0.190985, 0.124994, 0.097317, -0.994642, 0.034864, -0.002831, 0.193525, -0.01545, -0.980974, -1.1e-05, 0.0, 0.0, 0.0, 1.0],
                [0.976058, 0.101075, 0.192598, 0.124994, 0.097971, -0.99486, 0.025603, -0.002831, 0.194196, -0.006121, -0.980943, -1.1e-05, 0.0, 0.0, 0.0, 1.0],
                [0.975894, 0.100128, 0.19392, 0.124994, 0.098514, -0.994973, 0.017971, -0.002831, 0.194744, 0.001566, -0.980853, -1.1e-05, 0.0, 0.0, 0.0, 1.0],
                [0.975823, 0.099713, 0.194492, 0.124994, 0.098752, -0.995004, 0.014654, -0.002831, 0.194981, 0.004908, -0.980795, -1.1e-05, 0.0, 0.0, 0.0, 1.0]
            ]
        },
        {
            "name": "Leg_R",
            "time": [0.0, 0.1333, 0.25, 0.2833, 0.3333, 0.35, 0.3667, 0.3833, 0.4, 0.45, 0.4833, 0.5833, 1.0, 1.3833, 1.4, 1.4167, 1.4333, 1.45, 1.4667, 1.4833, 1.5, 1.5167, 1.5333, 1.55, 1.5667, 1.5833, 1.6, 1.6167, 1.6333, 1.65, 1.6667, 1.6833, 1.7, 1.7167, 1.7333, 1.75, 1.7667, 1.7833, 1.8, 1.8167, 1.8333],
            "transform": [
                [0.99747, 0.014566, -0.069574, -0.0, 0.030058, 0.800532, 0.598535, 0.37472, 0.064415, -0.599113, 0.798069, -0.0, 0.0, 0.0, 0.0, 1.0],
                [0.99747, 0.014566, -0.069574, -0.0, 0.030058, 0.800532, 0.598535, 0.37472, 0.064415, -0.599113, 0.798069, -0.0, 0.0, 0.0, 0.0, 1.0],
                [0.99747, 0.014566, -0.069574, -0.0, 0.030058, 0.800532, 0.598535, 0.37472, 0.064415, -0.599113, 0.798069, -0.0, 0.0, 0.0, 0.0, 1.0],
                [0.995812, 0.024938, -0.08796, 0.0, 0.047354, 0.682284, 0.729552, 0.37472, 0.078207, -0.730662, 0.678245, -0.0, 0.0, 0.0, 0.0, 1.0],
                [0.99224, 0.049379, -0.114115, 0.0, 0.081359, 0.436196, 0.896166, 0.37472, 0.094028, -0.898496, 0.428794, 0.0, 0.0, 0.0, 0.0, 1.0],
                [0.997319, 0.011029, -0.072338, -0.0, 0.019639, 0.911958, 0.409813, 0.37472, 0.070489, -0.410135, 0.909297, -0.0, 0.0, 0.0, 0.0, 1.0],
                [0.997319, 0.011029, -0.072338, 0.0, 0.019639, 0.911958, 0.409813, 0.37472, 0.070489, -0.410135, 0.909297, -0.0, 0.0, 0.0, 0.0, 1.0],
                [0.997319, 0.011029, -0.072338, 0.0, 0.019639, 0.911958, 0.409813, 0.37472, 0.070489, -0.410135, 0.909297, 0.0, 0.0, 0.0, 0.0, 1.0],
                [0.986225, 0.084715, -0.142071, 0.0, 0.102243, 0.362963, 0.926177, 0.37472, 0.130027, -0.927945, 0.349302, -0.0, 0.0, 0.0, 0.0, 1.0],
                [0.951263, 0.308317, 0.006221, 0.0, -0.276872, 0.845015, 0.457484, 0.37472, 0.135794, -0.43691, 0.889196, -0.0, 0.0, 0.0, 0.0, 1.0],
                [0.888596, 0.45867, 0.004296, 0.0, -0.458562, 0.888088, 0.031944, 0.37472, 0.010837, -0.030355, 0.99948, 0.0, 0.0, 0.0, 0.0, 1.0],
                [0.885906, 0.463856, 0.002857, 0.0, -0.46384, 0.885778, 0.015775, 0.37472, 0.004787, -0.0153, 0.999871, -0.0, 0.0, 0.0, 0.0, 1.0],
                [0.884772, 0.466019, 0.002226, -0.0, -0.466019, 0.884729, 0.008999, 0.37472, 0.002225, -0.008999, 0.999957, 0.0, 0.0, 0.0, 0.0, 1.0],
                [0.999257, -0.006439, -0.038007, -0.0, 0.022722, 0.894838, 0.445812, 0.37472, 0.031139, -0.446344, 0.894319, 0.0, 0.0, 0.0, 0.0, 1.0],
                [0.999321, -0.007547, -0.036074, 0.0, 0.022559, 0.89928, 0.436791, 0.37472, 0.029144, -0.437308, 0.89884, 0.0, 0.0, 0.0, 0.0, 1.0],
                [0.99938, -0.008636, -0.034132, 0.0, 0.022418, 0.903621, 0.427747, 0.37472, 0.027149, -0.428247, 0.903254, -0.0, 0.0, 0.0, 0.0, 1.0],
                [0.999435, -0.009703, -0.032189, 0.0, 0.022299, 0.907848, 0.418706, 0.37472, 0.02516, -0.419187, 0.907551, 1e-06, 0.0, 0.0, 0.0, 1.0],
                [0.999485, -0.010744, -0.03025, -0.0, 0.022203, 0.911951, 0.409698, 0.37472, 0.023185, -0.410158, 0.91172, 0.0, 0.0, 0.0, 0.0, 1.0],
                [0.99953, -0.011757, -0.02832, 0.0, 0.022128, 0.915921, 0.400748, 0.37472, 0.021228, -0.401187, 0.91575, -0.0, 0.0, 0.0, 0.0, 1.0],
                [0.99957, -0.01274, -0.026407, -0.0, 0.022075, 0.919749, 0.391887, 0.37472, 0.019295, -0.392301, 0.919634, -0.0, 0.0, 0.0, 0.0, 1.0],
                [0.999606, -0.013689, -0.024517, -0.0, 0.022043, 0.923426, 0.383142, 0.37472, 0.017394, -0.383531, 0.923364, 1e-06, 0.0, 0.0, 0.0, 1.0],
                [0.999637, -0.014604, -0.022655, 0.0, 0.02203, 0.926948, 0.374542, 0.37472, 0.01553, -0.374905, 0.926933, 0.0, 0.0, 0.0, 0.0, 1.0],
                [0.999663, -0.015481, -0.020828, 0.0, 0.022035, 0.930308, 0.366117, 0.37472, 0.013709, -0.366452, 0.930336, 0.0, 0.0, 0.0, 0.0, 1.0],
                [0.999685, -0.01632, -0.019044, -1e-06, 0.022057, 0.933501, 0.357894, 0.37472, 0.011937, -0.358202, 0.933568, 1e-06, 0.0, 0.0, 0.0, 1.0],
                [0.999704, -0.017119, -0.017308, -0.0, 0.022095, 0.936525, 0.349904, 0.37472, 0.010219, -0.350183, 0.936625, 0.0, 0.0, 0.0, 0.0, 1.0],
                [0.999718, -0.017876, -0.015627, -0.0, 0.022146, 0.939375, 0.342177, 0.37472, 0.008562, -0.342426, 0.939506, 0.0, 0.0, 0.0, 0.0, 1.0],
                [0.999729, -0.018591, -0.014007, 0.0, 0.022208, 0.942049, 0.33474, 0.37472, 0.006972, -0.33496, 0.942207, 1e-06, 0.0, 0.0, 0.0, 1.0],
                [0.999737, -0.019262, -0.012456, 0.0, 0.02228, 0.944546, 0.327623, 0.37472, 0.005454, -0.327814, 0.944726, -1e-06, 0.0, 0.0, 0.0, 1.0],
                [0.999742, -0.019889, -0.010979, -0.0, 0.02236, 0.946864, 0.320856, 0.37472, 0.004014, -0.321018, 0.947064, -0.0, 0.0, 0.0, 0.0, 1.0],
                [0.999744, -0.02047, -0.009583, -0.0, 0.022445, 0.949003, 0.314467, 0.37472, 0.002657, -0.314602, 0.94922, 0.0, 0.0, 0.0, 0.0, 1.0],
                [0.999745, -0.021005, -0.008276, -0.0, 0.022534, 0.950962, 0.308486, 0.37472, 0.00139, -0.308593, 0.951193, 0.0, 0.0, 0.0, 0.0, 1.0],
                [0.999744, -0.021494, -0.007062, 0.0, 0.022623, 0.952741, 0.302941, 0.37472, 0.000217, -0.303023, 0.952983, -0.0, 0.0, 0.0, 0.0, 1.0],
                [0.999742, -0.021935, -0.00595, -0.0, 0.022712, 0.954339, 0.29786, 0.37472, -0.000855, -0.297919, 0.954591, -0.0, 0.0, 0.0, 0.0, 1.0],
                [0.999739, -0.022328, -0.004945, -0.0, 0.022796, 0.955757, 0.293274, 0.37472, -0.001822, -0.29331, 0.956016, 0.0, 0.0, 0.0, 0.0, 1.0],
                [0.999735, -0.022673, -0.004053, -0.0, 0.022876, 0.956993, 0.289209, 0.37472, -0.002678, -0.289225, 0.957258, -0.0, 0.0, 0.0, 0.0, 1.0],
                [0.999731, -0.022967, -0.003282, -1e-06, 0.022947, 0.958046, 0.285693, 0.37472, -0.003417, -0.285692, 0.958316, 0.0, 0.0, 0.0, 0.0, 1.0],
                [0.999727, -0.023211, -0.002637, 0.0, 0.02301, 0.958916, 0.282756, 0.37472, -0.004034, -0.282739, 0.959188, -1e-06, 0.0, 0.0, 0.0, 1.0],
                [0.999724, -0.023404, -0.002125, -0.0, 0.02306, 0.959599, 0.280423, 0.37472, -0.004524, -0.280395, 0.959874, 1e-06, 0.0, 0.0, 0.0, 1.0],
                [0.999721, -0.023543, -0.001751, 0.0, 0.023098, 0.960094, 0.278724, 0.37472, -0.004881, -0.278687, 0.96037, -1e-06, 0.0, 0.0, 0.0, 1.0],
                [0.99972, -0.023628, -0.001523, -0.0, 0.023122, 0.960394, 0.277684, 0.37472, -0.005099, -0.277642, 0.960671, 1e-06, 0.0, 0.0, 0.0, 1.0],
                [0.999719, -0.023657, -0.001445, 0.0, 0.02313, 0.960496, 0.277332, 0.37472, -0.005173, -0.277288, 0.960773, -1e-06, 0.0, 0.0, 0.0, 1.0]
            ]
        },
        {
            "name": "Knee_R",
            "time": [0.0, 0.1333, 0.25, 0.3667, 0.3833, 0.4, 0.45, 0.4833, 0.5833, 1.0, 1.3833, 1.4, 1.4167, 1.4333, 1.45, 1.4667, 1.4833, 1.5, 1.5167, 1.5333, 1.55, 1.5667, 1.5833, 1.6, 1.6167, 1.6333, 1.65, 1.6667, 1.6833, 1.7, 1.7167, 1.7333, 1.75, 1.7667, 1.7833, 1.8, 1.8167, 1.8333],
            "transform": [
                [1.0, 0.0, -0.0, -0.0, -0.0, 1e-06, -1.0, 0.37472, -0.0, 1.0, 1e-06, -0.0, 0.0, 0.0, 0.0, 1.0],
                [1.0, 0.0, -0.0, -0.0, -0.0, 1e-06, -1.0, 0.37472, -0.0, 1.0, 1e-06, -0.0, 0.0, 0.0, 0.0, 1.0],
                [1.0, 0.0, -0.0, -0.0, -0.0, 1e-06, -1.0, 0.37472, -0.0, 1.0, 1e-06, -0.0, 0.0, 0.0, 0.0, 1.0],
                [1.0, 0.0, -0.0, 0.0, -0.0, 1e-06, -1.0, 0.37472, -0.0, 1.0, 1e-06, -0.0, 0.0, 0.0, 0.0, 1.0],
                [1.0, 0.0, -0.0, 0.0, -0.0, 1e-06, -1.0, 0.37472, -0.0, 1.0, 1e-06, 0.0, 0.0, 0.0, 0.0, 1.0],
                [1.0, 0.0, -0.0, 0.0, -0.0, 1e-06, -1.0, 0.37472, -0.0, 1.0, 1e-06, -0.0, 0.0, 0.0, 0.0, 1.0],
                [1.0, 0.0, -0.0, 0.0, -0.0, 1e-06, -1.0, 0.37472, -0.0, 1.0, 1e-06, -0.0, 0.0, 0.0, 0.0, 1.0],
                [1.0, 0.0, -0.0, 0.0, -0.0, 1e-06, -1.0, 0.37472, -0.0, 1.0, 1e-06, 0.0, 0.0, 0.0, 0.0, 1.0],
                [1.0, 0.0, -0.0, 0.0, -0.0, 1e-06, -1.0, 0.37472, -0.0, 1.0, 1e-06, -0.0, 0.0, 0.0, 0.0, 1.0],
                [1.0, 0.0, -0.0, -0.0, -0.0, 1e-06, -1.0, 0.37472, -0.0, 1.0, 1e-06, 0.0, 0.0, 0.0, 0.0, 1.0],
                [1.0, 0.0, -0.0, -0.0, -0.0, 1e-06, -1.0, 0.37472, -0.0, 1.0, 1e-06, 0.0, 0.0, 0.0, 0.0, 1.0],
                [1.0, 0.0, -0.0, 0.0, -0.0, 1e-06, -1.0, 0.37472, -0.0, 1.0, 1e-06, 0.0, 0.0, 0.0, 0.0, 1.0],
                [1.0, 0.0, -0.0, 0.0, -0.0, 1e-06, -1.0, 0.37472, -0.0, 1.0, 1e-06, -0.0, 0.0, 0.0, 0.0, 1.0],
                [1.0, 0.0, -0.0, 0.0, -0.0, 1e-06, -1.0, 0.37472, -0.0, 1.0, 1e-06, 1e-06, 0.0, 0.0, 0.0, 1.0],
                [1.0, 0.0, -0.0, -0.0, -0.0, 1e-06, -1.0, 0.37472, -0.0, 1.0, 1e-06, 0.0, 0.0, 0.0, 0.0, 1.0],
                [1.0, 0.0, -0.0, 0.0, -0.0, 1e-06, -1.0, 0.37472, -0.0, 1.0, 1e-06, -0.0, 0.0, 0.0, 0.0, 1.0],
                [1.0, 0.0, -0.0, -0.0, -0.0, 1e-06, -1.0, 0.37472, -0.0, 1.0, 1e-06, -0.0, 0.0, 0.0, 0.0, 1.0],
                [1.0, 0.0, -0.0, -0.0, -0.0, 1e-06, -1.0, 0.37472, -0.0, 1.0, 1e-06, 1e-06, 0.0, 0.0, 0.0, 1.0],
                [1.0, 0.0, -0.0, 0.0, -0.0, 1e-06, -1.0, 0.37472, -0.0, 1.0, 1e-06, 0.0, 0.0, 0.0, 0.0, 1.0],
                [1.0, 0.0, -0.0, 0.0, -0.0, 1e-06, -1.0, 0.37472, -0.0, 1.0, 1e-06, 0.0, 0.0, 0.0, 0.0, 1.0],
                [1.0, 0.0, -0.0, -1e-06, -0.0, 1e-06, -1.0, 0.37472, -0.0, 1.0, 1e-06, 1e-06, 0.0, 0.0, 0.0, 1.0],
                [1.0, 0.0, -0.0, -0.0, -0.0, 1e-06, -1.0, 0.37472, -0.0, 1.0, 1e-06, 0.0, 0.0, 0.0, 0.0, 1.0],
                [1.0, 0.0, -0.0, -0.0, -0.0, 1e-06, -1.0, 0.37472, -0.0, 1.0, 1e-06, 0.0, 0.0, 0.0, 0.0, 1.0],
                [1.0, 0.0, -0.0, 0.0, -0.0, 1e-06, -1.0, 0.37472, -0.0, 1.0, 1e-06, 1e-06, 0.0, 0.0, 0.0, 1.0],
                [1.0, 0.0, -0.0, 0.0, -0.0, 1e-06, -1.0, 0.37472, -0.0, 1.0, 1e-06, -1e-06, 0.0, 0.0, 0.0, 1.0],
                [1.0, 0.0, -0.0, -0.0, -0.0, 1e-06, -1.0, 0.37472, -0.0, 1.0, 1e-06, -0.0, 0.0, 0.0, 0.0, 1.0],
                [1.0, 0.0, -0.0, -0.0, -0.0, 1e-06, -1.0, 0.37472, -0.0, 1.0, 1e-06, 0.0, 0.0, 0.0, 0.0, 1.0],
                [1.0, 0.0, -0.0, -0.0, -0.0, 1e-06, -1.0, 0.37472, 0.0, 1.0, 1e-06, 0.0, 0.0, 0.0, 0.0, 1.0],
                [1.0, 0.0, -0.0, 0.0, -0.0, 1e-06, -1.0, 0.37472, -0.0, 1.0, 1e-06, -0.0, 0.0, 0.0, 0.0, 1.0],
                [1.0, 0.0, -0.0, -0.0, -0.0, 1e-06, -1.0, 0.37472, -0.0, 1.0, 1e-06, -0.0, 0.0, 0.0, 0.0, 1.0],
                [1.0, 0.0, -0.0, -0.0, -0.0, 1e-06, -1.0, 0.37472, -0.0, 1.0, 1e-06, 0.0, 0.0, 0.0, 0.0, 1.0],
                [1.0, 0.0, -0.0, -0.0, -0.0, 1e-06, -1.0, 0.37472, -0.0, 1.0, 1e-06, -0.0, 0.0, 0.0, 0.0, 1.0],
                [1.0, -0.0, -0.0, -1e-06, -0.0, 1e-06, -1.0, 0.37472, -0.0, 1.0, 1e-06, 0.0, 0.0, 0.0, 0.0, 1.0],
                [1.0, 0.0, -0.0, 0.0, -0.0, 1e-06, -1.0, 0.37472, -0.0, 1.0, 1e-06, -1e-06, 0.0, 0.0, 0.0, 1.0],
                [1.0, 0.0, -0.0, -0.0, -0.0, 1e-06, -1.0, 0.37472, -0.0, 1.0, 1e-06, 1e-06, 0.0, 0.0, 0.0, 1.0],
                [1.0, 0.0, -0.0, 0.0, -0.0, 1e-06, -1.0, 0.37472, -0.0, 1.0, 1e-06, -1e-06, 0.0, 0.0, 0.0, 1.0],
                [1.0, 0.0, -0.0, -0.0, -0.0, 1e-06, -1.0, 0.37472, -0.0, 1.0, 1e-06, 1e-06, 0.0, 0.0, 0.0, 1.0],
                [1.0, 0.0, -0.0, 0.0, -0.0, 1e-06, -1.0, 0.37472, -0.0, 1.0, 1e-06, -1e-06, 0.0, 0.0, 0.0, 1.0]
            ]
        },
        {
            "name": "Thigh_L",
            "time": [0.0, 0.1333, 0.25, 0.3333, 0.35, 0.3667, 0.3833, 0.4, 0.45, 0.4833, 0.5833, 1.0, 1.3833, 1.4, 1.4167, 1.4333, 1.45, 1.4667, 1.4833, 1.5, 1.5167, 1.5333, 1.55, 1.5667, 1.5833, 1.6, 1.6167, 1.6333, 1.65, 1.6667, 1.8333],
            "transform": [
                [0.712768, -0.701148, -0.018792, -0.084402, -0.701168, -0.712965, 0.00658, 0.02476, -0.018011, 0.008487, -0.999802, -0.002862, 0.0, 0.0, 0.0, 1.0],
                [0.712768, -0.701148, -0.018792, -0.084402, -0.701168, -0.712965, 0.00658, 0.02476, -0.018011, 0.008487, -0.999802, -0.002862, 0.0, 0.0, 0.0, 1.0],
                [0.712768, -0.701148, -0.018792, -0.084402, -0.701168, -0.712965, 0.00658, 0.02476, -0.018011, 0.008487, -0.999802, -0.002862, 0.0, 0.0, 0.0, 1.0],
                [1.0, -0.000132, -7.7e-05, -0.125006, -0.000132, -0.492455, -0.870338, -0.002831, 7.7e-05, 0.870338, -0.492454, -1.2e-05, 0.0, 0.0, 0.0, 1.0],
                [0.999608, -0.027981, 0.001089, -0.125006, -0.021856, -0.803954, -0.59429, -0.002831, 0.017504, 0.594033, -0.80425, -1.2e-05, 0.0, 0.0, 0.0, 1.0],
                [0.999608, -0.027981, 0.001089, -0.125006, -0.023796, -0.828336, 0.559726, -0.002831, -0.014759, -0.559532, -0.828677, -1.2e-05, 0.0, 0.0, 0.0, 1.0],
                [0.999608, -0.027981, 0.001089, -0.125006, -0.021303, -0.734641, 0.678122, -0.002831, -0.018174, -0.677879, -0.734949, -1.2e-05, 0.0, 0.0, 0.0, 1.0],
                [0.999608, -0.02798, 0.001089, -0.125006, -0.018047, -0.614037, 0.789071, -0.002831, -0.021409, -0.788781, -0.614301, -1.2e-05, 0.0, 0.0, 0.0, 1.0],
                [0.355015, -0.863927, -0.357204, -0.125006, -0.025708, -0.390971, 0.920044, -0.002831, -0.934507, -0.317446, -0.161011, -1.2e-05, 0.0, 0.0, 0.0, 1.0],
                [-0.103593, -0.938474, -0.329446, -0.125006, 0.032573, -0.334252, 0.94192, -0.002831, -0.994086, 0.086846, 0.065195, -1.2e-05, 0.0, 0.0, 0.0, 1.0],
                [-0.117725, -0.937687, -0.326932, -0.125006, 0.034767, -0.332912, 0.942317, -0.002831, -0.992437, 0.099568, 0.071792, -1.2e-05, 0.0, 0.0, 0.0, 1.0],
                [-0.124157, -0.937267, -0.325755, -0.125006, 0.035773, -0.33231, 0.942491, -0.002831, -0.991618, 0.105364, 0.074787, -1.2e-05, 0.0, 0.0, 0.0, 1.0],
                [0.998024, -0.061512, -0.012844, -0.125006, -0.061512, -0.91455, -0.399769, -0.002831, 0.012844, 0.399769, -0.916526, -1.2e-05, 0.0, 0.0, 0.0, 1.0],
                [0.997893, -0.063652, -0.012567, -0.125006, -0.063652, -0.922933, -0.379662, -0.002831, 0.012567, 0.379663, -0.92504, -1.2e-05, 0.0, 0.0, 0.0, 1.0],
                [0.99776, -0.065767, -0.012247, -0.125006, -0.065767, -0.930806, -0.359547, -0.002831, 0.012247, 0.359547, -0.933046, -1.1e-05, 0.0, 0.0, 0.0, 1.0],
                [0.997619, -0.067928, -0.011871, -0.125006, -0.067928, -0.938422, -0.338747, -0.002831, 0.011871, 0.338748, -0.940802, -1.2e-05, 0.0, 0.0, 0.0, 1.0],
                [0.99748, -0.070014, -0.01146, -0.125006, -0.070014, -0.945358, -0.318427, -0.002831, 0.01146, 0.318427, -0.947878, -1.1e-05, 0.0, 0.0, 0.0, 1.0],
                [0.997352, -0.071883, -0.011053, -0.125006, -0.071882, -0.951219, -0.300025, -0.002831, 0.011053, 0.300025, -0.953867, -1.2e-05, 0.0, 0.0, 0.0, 1.0],
                [0.997219, -0.073768, -0.010603, -0.125006, -0.073768, -0.956795, -0.28125, -0.002831, 0.010603, 0.28125, -0.959576, -1.2e-05, 0.0, 0.0, 0.0, 1.0],
                [0.997085, -0.075618, -0.010123, -0.125006, -0.075618, -0.961929, -0.26263, -0.002831, 0.010123, 0.262631, -0.964843, -1.2e-05, 0.0, 0.0, 0.0, 1.0],
                [0.996952, -0.077418, -0.009618, -0.125006, -0.077418, -0.966597, -0.244328, -0.002831, 0.009618, 0.244328, -0.969645, -1.2e-05, 0.0, 0.0, 0.0, 1.0],
                [0.996809, -0.079304, -0.00905, -0.125006, -0.079303, -0.971137, -0.224953, -0.002831, 0.00905, 0.224954, -0.974327, -1.1e-05, 0.0, 0.0, 0.0, 1.0],
                [0.996678, -0.081, -0.008504, -0.125006, -0.081, -0.974911, -0.207335, -0.002831, 0.008504, 0.207335, -0.978233, -1.1e-05, 0.0, 0.0, 0.0, 1.0],
                [0.996549, -0.082623, -0.007949, -0.125006, -0.082623, -0.97824, -0.190315, -0.002831, 0.007949, 0.190316, -0.981691, -1.1e-05, 0.0, 0.0, 0.0, 1.0],
                [0.996423, -0.084184, -0.007385, -0.125006, -0.084184, -0.981176, -0.173797, -0.002831, 0.007385, 0.173798, -0.984754, -1.1e-05, 0.0, 0.0, 0.0, 1.0],
                [0.996299, -0.085685, -0.006814, -0.125006, -0.085684, -0.983752, -0.157766, -0.002831, 0.006814, 0.157767, -0.987453, -1.1e-05, 0.0, 0.0, 0.0, 1.0],
                [0.996178, -0.087126, -0.00624, -0.125006, -0.087126, -0.985991, -0.142231, -0.002831, 0.00624, 0.142231, -0.989814, -1.1e-05, 0.0, 0.0, 0.0, 1.0],
                [0.996059, -0.088509, -0.005664, -0.125006, -0.088508, -0.987919, -0.127207, -0.002831, 0.005664, 0.127208, -0.99186, -1.1e-05, 0.0, 0.0, 0.0, 1.0],
                [0.995944, -0.089831, -0.005089, -0.125006, -0.089831, -0.989558, -0.112715, -0.002831, 0.005089, 0.112716, -0.993614, -1.1e-05, 0.0, 0.0, 0.0, 1.0],
                [0.995832, -0.091093, -0.004519, -0.125006, -0.091092, -0.990932, -0.098775, -0.002831, 0.004519, 0.098775, -0.995099, -1.1e-05, 0.0, 0.0, 0.0, 1.0],
                [0.934229, -0.329202, -0.137268, -0.125006, -0.273888, -0.908664, 0.315144, -0.002831, -0.228477, -0.25682, -0.939064, -1.1e-05, 0.0, 0.0, 0.0, 1.0]
            ]
        },
        {
            "name": "Leg_L",
            "time": [0.0, 0.1333, 0.25, 0.3333, 0.35, 0.3667, 0.3833, 0.4, 0.45, 0.4833, 0.5833, 1.0, 1.3833, 1.4, 1.4167, 1.4333, 1.45, 1.4667, 1.4833, 1.5, 1.5167, 1.5333, 1.55, 1.5667, 1.5833, 1.6, 1.6167, 1.6333, 1.65, 1.6667, 1.6833, 1.7, 1.7167, 1.7333, 1.75, 1.7667, 1.7833, 1.8, 1.8167, 1.8333],
            "transform": [
                [0.970041, -0.225283, 0.090928, -0.0, 0.223118, 0.974217, 0.033448, 0.37472, -0.096119, -0.012158, 0.995295, -0.0, 0.0, 0.0, 0.0, 1.0],
                [0.970041, -0.225283, 0.090928, -0.0, 0.223118, 0.974217, 0.033448, 0.37472, -0.096119, -0.012158, 0.995295, -0.0, 0.0, 0.0, 0.0, 1.0],
                [0.970041, -0.225283, 0.090928, -0.0, 0.223118, 0.974217, 0.033448, 0.37472, -0.096119, -0.012158, 0.995295, -0.0, 0.0, 0.0, 0.0, 1.0],
                [0.969021, 0.224357, 0.103264, 0.0, -0.199054, 0.956955, -0.211223, 0.37472, -0.146208, 0.184124, 0.971968, 0.0, 0.0, 0.0, 0.0, 1.0],
                [0.998075, -0.022276, 0.057886, 0.0, -0.058241, -0.015612, 0.99818, 0.37472, -0.021332, -0.99963, -0.01688, 0.0, 0.0, 0.0, 0.0, 1.0],
                [0.998075, -0.022276, 0.057886, 0.0, -0.058241, -0.015612, 0.99818, 0.37472, -0.021332, -0.99963, -0.016879, 0.0, 0.0, 0.0, 0.0, 1.0],
                [0.998527, -0.008069, 0.053646, -0.0, -0.042544, 0.497087, 0.866657, 0.37472, -0.03366, -0.867664, 0.496011, -0.0, 0.0, 0.0, 0.0, 1.0],
                [0.999031, 0.001288, 0.043992, -0.0, -0.02466, 0.8443, 0.535302, 0.37472, -0.036453, -0.535868, 0.843514, 1e-06, 0.0, 0.0, 0.0, 1.0],
                [0.999442, 0.021429, -0.025632, -0.0, -0.005067, 0.855552, 0.517691, 0.37472, 0.033023, -0.517273, 0.855183, 0.0, 0.0, 0.0, 0.0, 1.0],
                [0.997936, 0.030253, -0.056646, 0.0, 0.003353, 0.856332, 0.516415, 0.37472, 0.064131, -0.515539, 0.854463, -0.0, 0.0, 0.0, 0.0, 1.0],
                [0.997856, 0.030584, -0.057856, -0.0, 0.003671, 0.856522, 0.516097, 0.37472, 0.065339, -0.515203, 0.854574, -0.0, 0.0, 0.0, 0.0, 1.0],
                [0.997822, 0.030723, -0.058365, 0.0, 0.003805, 0.856602, 0.515963, 0.37472, 0.065848, -0.515062, 0.85462, 0.0, 0.0, 0.0, 0.0, 1.0],
                [0.999702, 0.020839, 0.012701, 0.0, -0.021099, 0.999564, 0.02064, 0.37472, -0.012265, -0.020902, 0.999706, -1e-06, 0.0, 0.0, 0.0, 1.0],
                [0.99966, 0.022145, 0.013743, 0.0, -0.022638, 0.999066, 0.036816, 0.37472, -0.012915, -0.037115, 0.999228, -0.0, 0.0, 0.0, 0.0, 1.0],
                [0.999616, 0.023437, 0.01481, 0.0, -0.024192, 0.998302, 0.052984, 0.37472, -0.013543, -0.053322, 0.998486, -0.0, 0.0, 0.0, 0.0, 1.0],
                [0.999568, 0.024713, 0.015897, -0.0, -0.025755, 0.997278, 0.069089, 0.37472, -0.014146, -0.069468, 0.997484, 0.0, 0.0, 0.0, 0.0, 1.0],
                [0.999518, 0.025966, 0.016999, -0.0, -0.027322, 0.996, 0.085077, 0.37472, -0.014722, -0.085501, 0.996229, 0.0, 0.0, 0.0, 0.0, 1.0],
                [0.999466, 0.027194, 0.018114, -0.0, -0.028887, 0.994478, 0.100895, 0.37472, -0.01527, -0.101364, 0.994732, 0.0, 0.0, 0.0, 0.0, 1.0],
                [0.999412, 0.028392, 0.019236, -0.0, -0.030444, 0.992725, 0.116489, 0.37472, -0.015788, -0.117006, 0.993006, 1e-06, 0.0, 0.0, 0.0, 1.0],
                [0.999356, 0.029557, 0.02036, -0.0, -0.031988, 0.990759, 0.131808, 0.37472, -0.016276, -0.132375, 0.991066, 0.0, 0.0, 0.0, 0.0, 1.0],
                [0.999298, 0.030684, 0.021482, -0.0, -0.033511, 0.988598, 0.146801, 0.37472, -0.016732, -0.147418, 0.988933, 1e-06, 0.0, 0.0, 0.0, 1.0],
                [0.99924, 0.031772, 0.022596, -0.0, -0.035009, 0.986265, 0.161418, 0.37472, -0.017157, -0.162087, 0.986627, 0.0, 0.0, 0.0, 0.0, 1.0],
                [0.99918, 0.032816, 0.023698, 0.0, -0.036476, 0.983784, 0.175611, 0.37472, -0.01755, -0.176331, 0.984174, -0.0, 0.0, 0.0, 0.0, 1.0],
                [0.999121, 0.033816, 0.024781, 0.0, -0.037904, 0.981181, 0.189331, 0.37472, -0.017912, -0.190104, 0.981601, 0.0, 0.0, 0.0, 0.0, 1.0],
                [0.999061, 0.034767, 0.025841, 0.0, -0.03929, 0.978487, 0.202534, 0.37472, -0.018243, -0.203359, 0.978934, 0.0, 0.0, 0.0, 0.0, 1.0],
                [0.999002, 0.035668, 0.026872, 0.0, -0.040625, 0.97573, 0.215174, 0.37472, -0.018544, -0.216051, 0.976206, -0.0, 0.0, 0.0, 0.0, 1.0],
                [0.998944, 0.036518, 0.027868, -0.0, -0.041906, 0.972944, 0.227208, 0.37472, -0.018816, -0.228136, 0.973448, 0.0, 0.0, 0.0, 0.0, 1.0],
                [0.998888, 0.037314, 0.028823, -0.0, -0.043126, 0.970161, 0.238594, 0.37472, -0.01906, -0.239572, 0.970692, 0.0, 0.0, 0.0, 0.0, 1.0],
                [0.998833, 0.038055, 0.029733, 0.0, -0.044279, 0.967416, 0.249292, 0.37472, -0.019278, -0.250318, 0.967972, 0.0, 0.0, 0.0, 0.0, 1.0],
                [0.998781, 0.038739, 0.030592, 0.0, -0.04536, 0.964741, 0.259261, 0.37472, -0.01947, -0.260333, 0.965323, -1e-06, 0.0, 0.0, 0.0, 1.0],
                [0.998732, 0.039365, 0.031394, 0.0, -0.046363, 0.962174, 0.268462, 0.37472, -0.019638, -0.269577, 0.962779, 0.0, 0.0, 0.0, 0.0, 1.0],
                [0.998686, 0.039932, 0.032133, -0.0, -0.047283, 0.959747, 0.276858, 0.37472, -0.019784, -0.278014, 0.960373, 0.0, 0.0, 0.0, 0.0, 1.0],
                [0.998643, 0.040438, 0.032804, -0.0, -0.048115, 0.957495, 0.28441, 0.37472, -0.019909, -0.285603, 0.958141, 0.0, 0.0, 0.0, 0.0, 1.0],
                [0.998605, 0.040883, 0.033402, -0.0, -0.048852, 0.95545, 0.291081, 0.37472, -0.020014, -0.292307, 0.956115, 0.0, 0.0, 0.0, 0.0, 1.0],
                [0.998572, 0.041264, 0.033922, 0.0, -0.049491, 0.953646, 0.296833, 0.37472, -0.020101, -0.298088, 0.954327, -0.0, 0.0, 0.0, 0.0, 1.0],
                [0.998544, 0.04158, 0.034358, -0.0, -0.050025, 0.952112, 0.301628, 0.37472, -0.020171, -0.302907, 0.952807, 0.0, 0.0, 0.0, 0.0, 1.0],
                [0.998522, 0.041829, 0.034706, -0.0, -0.050449, 0.950878, 0.305428, 0.37472, -0.020225, -0.306727, 0.951583, 0.0, 0.0, 0.0, 0.0, 1.0],
                [0.998505, 0.04201, 0.03496, 0.0, -0.050759, 0.949969, 0.308193, 0.37472, -0.020263, -0.309507, 0.950681, 0.0, 0.0, 0.0, 0.0, 1.0],
                [0.998495, 0.042121, 0.035115, 0.0, -0.050948, 0.949409, 0.309883, 0.37472, -0.020286, -0.311206, 0.950126, -0.0, 0.0, 0.0, 0.0, 1.0],
                [0.998492, 0.042158, 0.035168, 0.0, -0.051013, 0.949218, 0.310456, 0.37472, -0.020294, -0.311782, 0.949937, -0.0, 0.0, 0.0, 0.0, 1.0]
            ]
        },
        {
            "name": "Knee_L",
            "time": [0.0, 0.1333, 0.25, 0.3667, 0.3833, 0.4, 0.45, 0.4833, 0.5833, 1.0, 1.3833, 1.4, 1.4167, 1.4333, 1.45, 1.4667, 1.4833, 1.5, 1.5167, 1.5333, 1.55, 1.5667, 1.5833, 1.6, 1.6167, 1.6333, 1.65, 1.6667, 1.6833, 1.7, 1.7167, 1.7333, 1.75, 1.7667, 1.7833, 1.8, 1.8167, 1.8333],
            "transform": [
                [1.0, 0.0, -0.0, -0.0, -0.0, 1e-06, -1.0, 0.37472, -0.0, 1.0, 1e-06, -0.0, 0.0, 0.0, 0.0, 1.0],
                [1.0, 0.0, -0.0, -0.0, -0.0, 1e-06, -1.0, 0.37472, -0.0, 1.0, 1e-06, -0.0, 0.0, 0.0, 0.0, 1.0],
                [1.0, 0.0, -0.0, -0.0, -0.0, 1e-06, -1.0, 0.37472, -0.0, 1.0, 1e-06, -0.0, 0.0, 0.0, 0.0, 1.0],
                [1.0, 0.0, -0.0, 0.0, -0.0, 1e-06, -1.0, 0.37472, -0.0, 1.0, 1e-06, 0.0, 0.0, 0.0, 0.0, 1.0],
                [1.0, 0.0, -0.0, -0.0, -0.0, 1e-06, -1.0, 0.37472, -0.0, 1.0, 1e-06, -0.0, 0.0, 0.0, 0.0, 1.0],
                [1.0, 0.0, -0.0, -0.0, -0.0, 1e-06, -1.0, 0.37472, -0.0, 1.0, 1e-06, 1e-06, 0.0, 0.0, 0.0, 1.0],
                [1.0, 0.0, -0.0, -0.0, -0.0, 1e-06, -1.0, 0.37472, -0.0, 1.0, 1e-06, 0.0, 0.0, 0.0, 0.0, 1.0],
                [1.0, 0.0, -0.0, 0.0, -0.0, 1e-06, -1.0, 0.37472, -0.0, 1.0, 1e-06, -0.0, 0.0, 0.0, 0.0, 1.0],
                [1.0, 0.0, -0.0, -0.0, -0.0, 1e-06, -1.0, 0.37472, -0.0, 1.0, 1e-06, -0.0, 0.0, 0.0, 0.0, 1.0],
                [1.0, 0.0, -0.0, 0.0, -0.0, 1e-06, -1.0, 0.37472, -0.0, 1.0, 1e-06, 0.0, 0.0, 0.0, 0.0, 1.0],
                [1.0, 0.0, -0.0, 0.0, -0.0, 1e-06, -1.0, 0.37472, -0.0, 1.0, 1e-06, -1e-06, 0.0, 0.0, 0.0, 1.0],
                [1.0, 0.0, -0.0, 0.0, -0.0, 1e-06, -1.0, 0.37472, -0.0, 1.0, 1e-06, -0.0, 0.0, 0.0, 0.0, 1.0],
                [1.0, 0.0, -0.0, 0.0, -0.0, 1e-06, -1.0, 0.37472, -0.0, 1.0, 1e-06, -0.0, 0.0, 0.0, 0.0, 1.0],
                [1.0, 0.0, -0.0, -0.0, -0.0, 1e-06, -1.0, 0.37472, -0.0, 1.0, 1e-06, 0.0, 0.0, 0.0, 0.0, 1.0],
                [1.0, 0.0, -0.0, -0.0, -0.0, 1e-06, -1.0, 0.37472, -0.0, 1.0, 1e-06, 0.0, 0.0, 0.0, 0.0, 1.0],
                [1.0, 0.0, -0.0, -0.0, -0.0, 1e-06, -1.0, 0.37472, -0.0, 1.0, 1e-06, 0.0, 0.0, 0.0, 0.0, 1.0],
                [1.0, 0.0, -0.0, -0.0, -0.0, 1e-06, -1.0, 0.37472, -0.0, 1.0, 1e-06, 1e-06, 0.0, 0.0, 0.0, 1.0],
                [1.0, 0.0, -0.0, -0.0, -0.0, 1e-06, -1.0, 0.37472, -0.0, 1.0, 1e-06, 0.0, 0.0, 0.0, 0.0, 1.0],
                [1.0, 0.0, -0.0, -0.0, -0.0, 1e-06, -1.0, 0.37472, -0.0, 1.0, 1e-06, 1e-06, 0.0, 0.0, 0.0, 1.0],
                [1.0, 0.0, -0.0, -0.0, -0.0, 1e-06, -1.0, 0.37472, -0.0, 1.0, 1e-06, 0.0, 0.0, 0.0, 0.0, 1.0],
                [1.0, 0.0, -0.0, 0.0, -0.0, 1e-06, -1.0, 0.37472, -0.0, 1.0, 1e-06, -0.0, 0.0, 0.0, 0.0, 1.0],
                [1.0, 0.0, -0.0, 0.0, -0.0, 1e-06, -1.0, 0.37472, -0.0, 1.0, 1e-06, 0.0, 0.0, 0.0, 0.0, 1.0],
                [1.0, 0.0, -0.0, 0.0, -0.0, 1e-06, -1.0, 0.37472, -0.0, 1.0, 1e-06, 0.0, 0.0, 0.0, 0.0, 1.0],
                [1.0, 0.0, -0.0, 0.0, -0.0, 1e-06, -1.0, 0.37472, -0.0, 1.0, 1e-06, -0.0, 0.0, 0.0, 0.0, 1.0],
                [1.0, 0.0, -0.0, -0.0, -0.0, 1e-06, -1.0, 0.37472, -0.0, 1.0, 1e-06, 0.0, 0.0, 0.0, 0.0, 1.0],
                [1.0, 0.0, -0.0, -0.0, -0.0, 1e-06, -1.0, 0.37472, -0.0, 1.0, 1e-06, 0.0, 0.0, 0.0, 0.0, 1.0],
                [1.0, 0.0, -0.0, 0.0, -0.0, 1e-06, -1.0, 0.37472, -0.0, 1.0, 1e-06, 0.0, 0.0, 0.0, 0.0, 1.0],
                [1.0, 0.0, -0.0, 0.0, -0.0, 1e-06, -1.0, 0.37472, -0.0, 1.0, 1e-06, -1e-06, 0.0, 0.0, 0.0, 1.0],
                [1.0, 0.0, -0.0, 0.0, -0.0, 1e-06, -1.0, 0.37472, -0.0, 1.0, 1e-06, 0.0, 0.0, 0.0, 0.0, 1.0],
                [1.0, 0.0, -0.0, -0.0, -0.0, 1e-06, -1.0, 0.37472, -0.0, 1.0, 1e-06, 0.0, 0.0, 0.0, 0.0, 1.0],
                [1.0, 0.0, -0.0, -0.0, -0.0, 1e-06, -1.0, 0.37472, -0.0, 1.0, 1e-06, 0.0, 0.0, 0.0, 0.0, 1.0],
                [1.0, 0.0, -0.0, -0.0, -0.0, 1e-06, -1.0, 0.37472, -0.0, 1.0, 1e-06, 0.0, 0.0, 0.0, 0.0, 1.0],
                [1.0, 0.0, -0.0, 0.0, -0.0, 1e-06, -1.0, 0.37472, -0.0, 1.0, 1e-06, -0.0, 0.0, 0.0, 0.0, 1.0],
                [1.0, 0.0, -0.0, -0.0, -0.0, 1e-06, -1.0, 0.37472, -0.0, 1.0, 1e-06, 0.0, 0.0, 0.0, 0.0, 1.0],
                [1.0, 0.0, -0.0, -0.0, -0.0, 1e-06, -1.0, 0.37472, -0.0, 1.0, 1e-06, 0.0, 0.0, 0.0, 0.0, 1.0],
                [1.0, 0.0, -0.0, 0.0, -0.0, 1e-06, -1.0, 0.37472, -0.0, 1.0, 1e-06, 0.0, 0.0, 0.0, 0.0, 1.0],
                [1.0, 0.0, -0.0, 0.0, -0.0, 1e-06, -1.0, 0.37472, -0.0, 1.0, 1e-06, -0.0, 0.0, 0.0, 0.0, 1.0],
                [1.0, 0.0, -0.0, 0.0, -0.0, 1e-06, -1.0, 0.37472, -0.0, 1.0, 1e-06, -0.0, 0.0, 0.0, 0.0, 1.0]
            ]
        },
        {
            "name": "Torso",
            "time": [0.0, 0.1333, 0.25, 0.3333, 0.35, 0.3667, 0.3833, 0.4, 0.45, 0.4833, 0.5833, 1.0, 1.3833, 1.5667, 1.5833, 1.6, 1.6167, 1.6333, 1.65, 1.6667, 1.6833, 1.7, 1.7167, 1.7333, 1.75, 1.7667, 1.7833, 1.8, 1.8167, 1.8333],
            "transform": [
                [0.737699, 0.292775, -0.608345, -0.0, -0.161147, 0.951392, 0.26246, 0.05, 0.655616, -0.095584, 0.74902, 0.0, 0.0, 0.0, 0.0, 1.0],
                [0.737699, 0.292775, -0.608345, -0.0, -0.161147, 0.951392, 0.26246, 0.05, 0.655616, -0.095584, 0.74902, 0.0, 0.0, 0.0, 0.0, 1.0],
                [0.737699, 0.292775, -0.608345, -0.0, -0.161147, 0.951392, 0.26246, 0.05, 0.655616, -0.095584, 0.74902, 0.0, 0.0, 0.0, 0.0, 1.0],
                [0.911379, -0.006174, 0.411522, 0.0, -0.162875, 0.912847, 0.374409, 0.05, -0.377968, -0.408255, 0.830944, 0.0, 0.0, 0.0, 0.0, 1.0],
                [0.962835, 0.021361, 0.269245, 0.0, -0.131929, 0.907049, 0.399821, 0.05, -0.235678, -0.420483, 0.876157, 0.0, 0.0, 0.0, 0.0, 1.0],
                [0.973215, 0.041914, 0.226044, 0.0, -0.131929, 0.907049, 0.399821, 0.05, -0.188275, -0.418933, 0.888283, 0.0, 0.0, 0.0, 0.0, 1.0],
                [0.989002, 0.093244, 0.114805, 0.0, -0.131929, 0.907049, 0.399821, 0.05, -0.066853, -0.41057, 0.909375, 0.0, 0.0, 0.0, 0.0, 1.0],
                [0.991215, 0.116905, 0.061855, 0.0, -0.131929, 0.907049, 0.399821, 0.05, -0.009365, -0.404469, 0.914504, 0.0, 0.0, 0.0, 0.0, 1.0],
                [0.837755, -0.123281, 0.531947, 0.0, -0.061828, 0.946499, 0.316727, 0.05, -0.542534, -0.298229, 0.785313, -0.0, 0.0, 0.0, 0.0, 1.0],
                [0.488419, -0.235361, 0.840269, -0.0, -0.009308, 0.961479, 0.274722, 0.05, -0.872559, -0.142, 0.467414, 0.0, 0.0, 0.0, 0.0, 1.0],
                [0.463592, -0.240625, 0.85275, -0.0, -0.008353, 0.961189, 0.275765, 0.05, -0.886009, -0.134966, 0.44359, -0.0, 0.0, 0.0, 0.0, 1.0],
                [0.452932, -0.2428, 0.857847, -0.0, -0.007957, 0.961063, 0.276215, 0.05, -0.89151, -0.131933, 0.433364, -0.0, 0.0, 0.0, 0.0, 1.0],
                [0.987244, -0.067228, 0.144326, 0.0, 0.041335, 0.983623, 0.175435, 0.05, -0.153756, -0.167231, 0.973855, -0.0, 0.0, 0.0, 0.0, 1.0],
                [0.997498, 0.020051, 0.067791, -0.0, -0.026562, 0.994973, 0.096552, 0.05, -0.065515, -0.098111, 0.993017, 0.0, 0.0, 0.0, 0.0, 1.0],
                [0.998012, 0.018235, 0.060322, -0.0, -0.023417, 0.995989, 0.086355, 0.05, -0.058505, -0.087596, 0.994437, 0.0, 0.0, 0.0, 0.0, 1.0],
                [0.99845, 0.016414, 0.053188, -0.0, -0.020464, 0.996858, 0.07652, 0.05, -0.051765, -0.077489, 0.995649, 0.0, 0.0, 0.0, 0.0, 1.0],
                [0.998816, 0.014604, 0.046412, -0.0, -0.017703, 0.99759, 0.06709, 0.05, -0.04532, -0.067832, 0.996667, 0.0, 0.0, 0.0, 0.0, 1.0],
                [0.999117, 0.012823, 0.040014, -0.0, -0.015138, 0.998196, 0.058107, 0.05, -0.039197, -0.058662, 0.997508, 0.0, 0.0, 0.0, 0.0, 1.0],
