{
    "animation": [
        {
            "name": "Root",
            "time": [0.0167, 0.0, 4.0167],
            "transform": [
                [0.944309, 0.0, -0.32906, -5e-06, -0.32906, 0.0, -0.944309, 0.000946, 0.0, 1.0, 0.0, 0.72957, 0.0, 0.0, 0.0, 1.0],
                [0.944309, 0.0, -0.32906, -5e-06, -0.32906, 0.0, -0.944309, 0.000946, 0.0, 1.0, 0.0, 0.72957, 0.0, 0.0, 0.0, 1.0],
                [0.944309, 0.0, -0.32906, -5e-06, -0.32906, 0.0, -0.944309, 0.000946, 0.0, 1.0, 0.0, 0.72957, 0.0, 0.0, 0.0, 1.0]
            ]
        },
        {
            "name": "Thigh_R",
            "time": [0.0167, 0.0, 4.0167],
            "transform": [
                [0.975823, 0.099713, 0.194492, 0.104721, 0.098752, -0.995004, 0.014654, -0.002831, 0.194981, 0.004908, -0.980795, 0.007053, 0.0, 0.0, 0.0, 1.0],
                [0.975823, 0.099713, 0.194492, 0.104721, 0.098752, -0.995004, 0.014654, -0.002831, 0.194981, 0.004908, -0.980795, 0.007053, 0.0, 0.0, 0.0, 1.0],
                [0.975823, 0.099713, 0.194492, 0.104721, 0.098752, -0.995004, 0.014654, -0.002831, 0.194981, 0.004908, -0.980795, 0.007053, 0.0, 0.0, 0.0, 1.0]
            ]
        },
        {
            "name": "Leg_R",
            "time": [0.0, 4.0167],
            "transform": [
                [0.999719, -0.023657, -0.001445, 0.0, 0.02313, 0.960496, 0.277332, 0.37472, -0.005173, -0.277288, 0.960773, -0.0, 0.0, 0.0, 0.0, 1.0],
                [0.999719, -0.023657, -0.001445, 0.0, 0.02313, 0.960496, 0.277332, 0.37472, -0.005173, -0.277288, 0.960773, -0.0, 0.0, 0.0, 0.0, 1.0]
            ]
        },
        {
            "name": "Knee_R",
            "time": [0.0, 4.0167],
            "transform": [
                [1.0, 0.0, -0.0, 0.0, -0.0, 1e-06, -1.0, 0.37472, -0.0, 1.0, 1e-06, -0.0, 0.0, 0.0, 0.0, 1.0],
                [1.0, 0.0, -0.0, 0.0, -0.0, 1e-06, -1.0, 0.37472, -0.0, 1.0, 1e-06, -0.0, 0.0, 0.0, 0.0, 1.0]
            ]
        },
        {
            "name": "Thigh_L",
            "time": [4.0167, 0.0],
            "transform": [
                [0.934216, -0.329255, -0.13723, -0.111913, -0.274077, -0.908787, 0.314622, 0.011521, -0.228303, -0.256313, -0.939245, 0.037562, 0.0, 0.0, 0.0, 1.0],
                [0.934216, -0.329255, -0.13723, -0.111913, -0.274077, -0.908787, 0.314622, 0.011521, -0.228303, -0.256313, -0.939245, 0.037562, 0.0, 0.0, 0.0, 1.0]
            ]
        },
        {
            "name": "Leg_L",
            "time": [0.0167, 0.0, 4.0167],
            "transform": [
                [0.998492, 0.042158, 0.035168, 0.0, -0.051013, 0.949218, 0.310456, 0.37472, -0.020294, -0.311782, 0.949937, 0.0, 0.0, 0.0, 0.0, 1.0],
                [0.998492, 0.042158, 0.035168, 0.0, -0.051013, 0.949218, 0.310456, 0.37472, -0.020294, -0.311782, 0.949937, 0.0, 0.0, 0.0, 0.0, 1.0],
                [0.998492, 0.042158, 0.035168, 0.0, -0.051013, 0.949218, 0.310456, 0.37472, -0.020294, -0.311782, 0.949937, 0.0, 0.0, 0.0, 0.0, 1.0]
            ]
        },
        {
            "name": "Knee_L",
            "time": [0.0, 4.0167],
            "transform": [
                [1.0, 0.0, -0.0, 0.0, -0.0, 1e-06, -1.0, 0.37472, -0.0, 1.0, 1e-06, 0.0, 0.0, 0.0, 0.0, 1.0],
                [1.0, 0.0, -0.0, 0.0, -0.0, 1e-06, -1.0, 0.37472, -0.0, 1.0, 1e-06, 0.0, 0.0, 0.0, 0.0, 1.0]
            ]
        },
        {
            "name": "Torso",
            "time": [0.0, 4.0167],
            "transform": [
                [1.0, 0.0, 0.0, -0.0, 0.0, 1.0, 0.0, 0.05, 0.0, 0.0, 1.0, -0.0, 0.0, 0.0, 0.0, 1.0],
                [1.0, 0.0, 0.0, -0.0, 0.0, 1.0, 0.0, 0.05, 0.0, 0.0, 1.0, -0.0, 0.0, 0.0, 0.0, 1.0]
            ]
        },
        {
            "name": "Chest",
            "time": [0.0, 2.0, 4.0, 4.0167],
            "transform": [
                [1.0, 0.0, 0.0, -0.0, 0.0, 1.0, 0.0, 0.3, 0.0, 0.0, 1.0, -0.0, 0.0, 0.0, 0.0, 1.0],
                [1.0, 0.0, 0.0, -0.0, 0.0, 0.998191, -0.060119, 0.3, 0.0, 0.060119, 0.998191, -0.0, 0.0, 0.0, 0.0, 1.0],
                [1.0, 0.0, 0.0, -0.0, 0.0, 1.0, 0.0, 0.3, 0.0, 0.0, 1.0, -0.0, 0.0, 0.0, 0.0, 1.0],
                [1.0, 0.0, 0.0, -0.0, 0.0, 1.0, 0.0, 0.3, 0.0, 0.0, 1.0, -0.0, 0.0, 0.0, 0.0, 1.0]
            ]
        },
        {
            "name": "Head",
            "time": [0.0, 4.0167],
            "transform": [
                [0.96076, 0.0, 0.277382, -0.0, 0.0, 1.0, 0.0, 0.4, -0.277382, 0.0, 0.96076, -0.0, 0.0, 0.0, 0.0, 1.0],
                [0.96076, 0.0, 0.277382, -0.0, 0.0, 1.0, 0.0, 0.4, -0.277382, 0.0, 0.96076, -0.0, 0.0, 0.0, 0.0, 1.0]
            ]
        },
        {
            "name": "Shoulder_R",
            "time": [0.0, 2.0, 4.0, 4.0167],
            "transform": [
                [0.0, 0.952114, 0.305743, -0.0, 0.0, -0.305743, 0.952114, 0.4, 1.0, 0.0, -0.0, -0.0, 0.0, 0.0, 0.0, 1.0],
                [0.0, 0.968742, 0.248069, 0.0, 0.0, -0.248069, 0.968742, 0.4, 1.0, 0.0, -0.0, 0.0, 0.0, 0.0, 0.0, 1.0],
                [0.0, 0.952114, 0.305743, -0.0, 0.0, -0.305743, 0.952114, 0.4, 1.0, 0.0, -0.0, -0.0, 0.0, 0.0, 0.0, 1.0],
                [0.0, 0.952114, 0.305743, -0.0, 0.0, -0.305743, 0.952114, 0.4, 1.0, 0.0, -0.0, -0.0, 0.0, 0.0, 0.0, 1.0]
            ]
        },
        {
            "name": "Arm_R",
            "time": [0.0, 4.0167],
            "transform": [
                [-0.008651, -0.001614, -0.999961, 0.0, 0.777792, 0.628474, -0.007743, 0.39386, 0.628462, -0.777829, -0.004181, 0.0, 0.0, 0.0, 0.0, 1.0],
                [-0.008651, -0.001614, -0.999961, 0.0, 0.777792, 0.628474, -0.007743, 0.39386, 0.628462, -0.777829, -0.004181, 0.0, 0.0, 0.0, 0.0, 1.0]
            ]
        },
        {
            "name": "Hand_R",
            "time": [0.0, 4.0167],
            "transform": [
                [0.956999, -0.289506, -0.018412, 0.0, 0.289768, 0.951011, 0.107768, 0.3, -0.01369, -0.108469, 0.994006, -0.0, 0.0, 0.0, 0.0, 1.0],
                [0.956999, -0.289506, -0.018412, 0.0, 0.289768, 0.951011, 0.107768, 0.3, -0.01369, -0.108469, 0.994006, -0.0, 0.0, 0.0, 0.0, 1.0]
            ]
        },
        {
            "name": "Tool_R",
            "time": [0.0, 2.0167, 4.0, 4.0167],
            "transform": [
                [-0.998723, 0.050518, 0.000895, -0.219085, -0.020724, -0.393427, -0.919122, -0.20057, -0.046053, -0.917427, 0.393728, 0.343516, 0.0, 0.0, 0.0, 1.0],
                [-0.995635, 0.076289, 0.05377, -0.224177, -0.079448, -0.3904, -0.917211, -0.163841, -0.048953, -0.91694, 0.394513, 0.342881, 0.0, 0.0, 0.0, 1.0],
                [-0.998723, 0.050518, 0.000895, -0.219085, -0.020724, -0.393427, -0.919122, -0.20057, -0.046053, -0.917427, 0.393728, 0.343516, 0.0, 0.0, 0.0, 1.0],
                [-0.998723, 0.050518, 0.000895, -0.219085, -0.020724, -0.393427, -0.919122, -0.20057, -0.046053, -0.917427, 0.393728, 0.343516, 0.0, 0.0, 0.0, 1.0]
            ]
        },
        {
            "name": "Elbow_R",
            "time": [0.0, 4.0167],
            "transform": [
                [-1.0, 0.0, 0.0, 0.0, 0.0, -0.0, -1.0, 0.3, -0.0, -1.0, 0.0, -0.0, 0.0, 0.0, 0.0, 1.0],
                [-1.0, 0.0, 0.0, 0.0, 0.0, -0.0, -1.0, 0.3, -0.0, -1.0, 0.0, -0.0, 0.0, 0.0, 0.0, 1.0]
            ]
        },
        {
            "name": "Shoulder_L",
            "time": [0.0, 2.0, 4.0, 4.0167],
            "transform": [
                [-0.0, -0.952114, -0.305743, -0.0, 0.0, -0.305743, 0.952114, 0.4, -1.0, 0.0, 0.0, -0.0, 0.0, 0.0, 0.0, 1.0],
                [-0.0, -0.968745, -0.24806, 0.0, 0.0, -0.24806, 0.968745, 0.4, -1.0, 0.0, 0.0, 0.0, 0.0, 0.0, 0.0, 1.0],
                [-0.0, -0.952114, -0.305743, -0.0, 0.0, -0.305743, 0.952114, 0.4, -1.0, 0.0, 0.0, -0.0, 0.0, 0.0, 0.0, 1.0],
                [-0.0, -0.952114, -0.305743, -0.0, 0.0, -0.305743, 0.952114, 0.4, -1.0, 0.0, 0.0, -0.0, 0.0, 0.0, 0.0, 1.0]
            ]
        },
        {
            "name": "Arm_L",
            "time": [0.0, 4.0167],
            "transform": [
                [0.611352, 0.419619, 0.670946, -0.0, -0.774099, 0.493209, 0.396883, 0.39386, -0.164377, -0.762013, 0.626351, 0.0, 0.0, 0.0, 0.0, 1.0],
                [0.611352, 0.419619, 0.670946, -0.0, -0.774099, 0.493209, 0.396883, 0.39386, -0.164377, -0.762013, 0.626351, 0.0, 0.0, 0.0, 0.0, 1.0]
            ]
        },
        {
            "name": "Hand_L",
            "time": [0.0, 4.0167],
            "transform": [
                [0.996523, 0.083177, -0.004889, -0.0, 0.006417, -0.135116, -0.990809, 0.3, -0.083073, 0.987333, -0.13518, -0.0, 0.0, 0.0, 0.0, 1.0],
                [0.996523, 0.083177, -0.004889, -0.0, 0.006417, -0.135116, -0.990809, 0.3, -0.083073, 0.987333, -0.13518, -0.0, 0.0, 0.0, 0.0, 1.0]
            ]
        },
        {
            "name": "Tool_L",
            "time": [0.0, 4.0167],
            "transform": [
                [1.0, 1.4e-05, -1.2e-05, 0.0, 1.4e-05, -0.999833, 0.018287, 0.272852, -1.2e-05, -0.018287, -1.000187, 5.3e-05, 0.0, 0.0, 0.0, 1.0],
                [1.0, 1.4e-05, -1.2e-05, 0.0, 1.4e-05, -0.999833, 0.018287, 0.272852, -1.2e-05, -0.018287, -1.000187, 5.3e-05, 0.0, 0.0, 0.0, 1.0]
            ]
        },
        {
            "name": "Elbow_L",
            "time": [0.0, 4.0167],
            "transform": [
                [-1.0, 0.0, -0.0, -0.0, 0.0, -0.0, -1.0, 0.3, -0.0, -1.0, -0.0, -0.0, 0.0, 0.0, 0.0, 1.0],
                [-1.0, 0.0, -0.0, -0.0, 0.0, -0.0, -1.0, 0.3, -0.0, -1.0, -0.0, -0.0, 0.0, 0.0, 0.0, 1.0]
            ]
        }
    ]
}