{
    "animation": [
        {
            "name": "Root",
            "time": [0.0, 0.3333, 0.6667, 0.9667, 1.0667, 1.1667, 1.5, 1.9833, 2.2833],
            "transform": [
                [0.058168, 0.0, 0.998307, -5e-06, 0.998307, 0.0, -0.058168, 0.000946, 0.0, 1.0, 0.0, 0.670074, 0.0, 0.0, 0.0, 1.0],
                [0.999685, 0.0, 0.025116, -5e-06, 0.025116, 0.0, -0.999685, -2.999053, 0.0, 1.0, 0.0, 0.39127, 0.0, 0.0, 0.0, 1.0],
                [0.999987, 0.0, -0.005131, -5e-06, -0.005131, 0.0, -0.999987, -3.999053, 0.0, 1.0, 0.0, 0.384949, 0.0, 0.0, 0.0, 1.0],
                [0.999987, 0.0, -0.005131, -5e-06, -0.005131, 0.0, -0.999987, -3.999053, 0.0, 1.0, 0.0, 0.384949, 0.0, 0.0, 0.0, 1.0],
                [0.927112, 0.0, 0.374784, -5e-06, 0.374784, 0.0, -0.927112, 3.300946, 0.0, 1.0, 0.0, 0.5227, 0.0, 0.0, 0.0, 1.0],
                [0.397792, 0.0, 0.917476, -5e-06, 0.917476, 0.0, -0.397792, 3.680947, 0.0, 1.0, 0.0, 0.47038, 0.0, 0.0, 0.0, 1.0],
                [0.397792, 0.0, 0.917476, -5e-06, 0.917476, 0.0, -0.397792, 4.000947, 0.0, 1.0, 0.0, 0.47038, 0.0, 0.0, 0.0, 1.0],
                [0.944309, 0.0, -0.32906, -5e-06, -0.32906, 0.0, -0.944309, 4.000947, 0.0, 1.0, 0.0, 0.72957, 0.0, 0.0, 0.0, 1.0],
                [0.944309, 0.0, -0.32906, -5e-06, -0.32906, 0.0, -0.944309, 4.000947, 0.0, 1.0, 0.0, 0.72957, 0.0, 0.0, 0.0, 1.0]
            ]
        },
        {
            "name": "Thigh_R",
            "time": [0.0, 0.3333, 0.9667, 1.0667, 1.1667, 1.5, 1.9, 1.9167, 1.9333, 1.95, 1.9667, 1.9833, 2.0, 2.0167, 2.0333, 2.05, 2.0667, 2.0833, 2.1, 2.1167, 2.1333, 2.15, 2.1667, 2.1833, 2.2, 2.2167, 2.2333, 2.25, 2.2667, 2.2833],
            "transform": [
                [0.168343, 0.48323, 0.859156, 0.124994, 0.024351, -0.873368, 0.486452, -0.002831, 0.985428, -0.060969, -0.158793, -1.2e-05, 0.0, 0.0, 0.0, 1.0],
                [0.931973, 0.238482, 0.273045, 0.124994, -0.212632, -0.250428, 0.944496, -0.002831, 0.293623, -0.938303, -0.182683, -1.2e-05, 0.0, 0.0, 0.0, 1.0],
                [0.951415, 0.199371, 0.234649, 0.124994, -0.186842, -0.231911, 0.954624, -0.002831, 0.244742, -0.952086, -0.183393, -1.2e-05, 0.0, 0.0, 0.0, 1.0],
                [0.92498, 0.275303, 0.261955, 0.106744, -0.040124, -0.614719, 0.787724, 0.055742, 0.377892, -0.73914, -0.557557, 0.049587, 0.0, 0.0, 0.0, 1.0],
                [0.488877, 0.797288, 0.354021, 0.120565, 0.0678, -0.439322, 0.895767, 0.011382, 0.869714, -0.413917, -0.268831, 0.012023, 0.0, 0.0, 0.0, 1.0],
                [0.488877, 0.797288, 0.354021, 0.120566, 0.0678, -0.439322, 0.895767, 0.011382, 0.869714, -0.413917, -0.268831, 0.012023, 0.0, 0.0, 0.0, 1.0],
                [0.982978, 0.132002, 0.12779, 0.124994, 0.078636, -0.930901, 0.356706, -0.002831, 0.166046, -0.340585, -0.925435, -1.2e-05, 0.0, 0.0, 0.0, 1.0],
                [0.982577, 0.130754, 0.13208, 0.124994, 0.079539, -0.938136, 0.337008, -0.002831, 0.167975, -0.32063, -0.932191, -1.2e-05, 0.0, 0.0, 0.0, 1.0],
                [0.982167, 0.129396, 0.136401, 0.124994, 0.080496, -0.94504, 0.31689, -0.002831, 0.169908, -0.300258, -0.938603, -1.2e-05, 0.0, 0.0, 0.0, 1.0],
                [0.981758, 0.127966, 0.140629, 0.124994, 0.08148, -0.95142, 0.296919, -0.002831, 0.171793, -0.280044, -0.944491, -1.2e-05, 0.0, 0.0, 0.0, 1.0],
                [0.981354, 0.126481, 0.144732, 0.124994, 0.082481, -0.957244, 0.277273, -0.002831, 0.173613, -0.260165, -0.949828, -1.1e-05, 0.0, 0.0, 0.0, 1.0],
                [0.980924, 0.124825, 0.149017, 0.124994, 0.083576, -0.962934, 0.256462, -0.002831, 0.175506, -0.239115, -0.954998, -1.2e-05, 0.0, 0.0, 0.0, 1.0],
                [0.980532, 0.123246, 0.152862, 0.124994, 0.084602, -0.967689, 0.237528, -0.002831, 0.177198, -0.219971, -0.959278, -1.2e-05, 0.0, 0.0, 0.0, 1.0],
                [0.980152, 0.121655, 0.156531, 0.124994, 0.085621, -0.971909, 0.219229, -0.002831, 0.178804, -0.201475, -0.963035, -1.2e-05, 0.0, 0.0, 0.0, 1.0],
                [0.979782, 0.12005, 0.160048, 0.124994, 0.086636, -0.975657, 0.201465, -0.002831, 0.180338, -0.183526, -0.966331, -1.2e-05, 0.0, 0.0, 0.0, 1.0],
                [0.979421, 0.118437, 0.163421, 0.124994, 0.087644, -0.978969, 0.184222, -0.002831, 0.181802, -0.166108, -0.969204, -1.2e-05, 0.0, 0.0, 0.0, 1.0],
                [0.979071, 0.11682, 0.166651, 0.124994, 0.088643, -0.981877, 0.16751, -0.002831, 0.183199, -0.149232, -0.971683, -1.2e-05, 0.0, 0.0, 0.0, 1.0],
                [0.978731, 0.115209, 0.16974, 0.124994, 0.089629, -0.984408, 0.151349, -0.002831, 0.18453, -0.132916, -0.973798, -1.2e-05, 0.0, 0.0, 0.0, 1.0],
                [0.978403, 0.11361, 0.172686, 0.124994, 0.090599, -0.98659, 0.13576, -0.002831, 0.185794, -0.117183, -0.975576, -1.2e-05, 0.0, 0.0, 0.0, 1.0],
                [0.978086, 0.11203, 0.175489, 0.124994, 0.09155, -0.98845, 0.120767, -0.002831, 0.186992, -0.102054, -0.977046, -1.2e-05, 0.0, 0.0, 0.0, 1.0],
                [0.977782, 0.110479, 0.178149, 0.124994, 0.092477, -0.990014, 0.106394, -0.002831, 0.188124, -0.087555, -0.978235, -1.2e-05, 0.0, 0.0, 0.0, 1.0],
                [0.977491, 0.108962, 0.180663, 0.124994, 0.093376, -0.991309, 0.092668, -0.002831, 0.189191, -0.073712, -0.97917, -1.2e-05, 0.0, 0.0, 0.0, 1.0],
                [0.977213, 0.10749, 0.183031, 0.124994, 0.094244, -0.99236, 0.079621, -0.002831, 0.190191, -0.060557, -0.979878, -1.2e-05, 0.0, 0.0, 0.0, 1.0],
                [0.97695, 0.106071, 0.185249, 0.124994, 0.095076, -0.993193, 0.067289, -0.002831, 0.191125, -0.048124, -0.980385, -1.2e-05, 0.0, 0.0, 0.0, 1.0],
                [0.976703, 0.104715, 0.187312, 0.124994, 0.095867, -0.993834, 0.055715, -0.002831, 0.191991, -0.03646, -0.980719, -1.2e-05, 0.0, 0.0, 0.0, 1.0],
                [0.976473, 0.103433, 0.189214, 0.124994, 0.096611, -0.994306, 0.044957, -0.002831, 0.192787, -0.025619, -0.980906, -1.2e-05, 0.0, 0.0, 0.0, 1.0],
                [0.976257, 0.102212, 0.190985, 0.124994, 0.097317, -0.994642, 0.034864, -0.002831, 0.193525, -0.01545, -0.980974, -1.2e-05, 0.0, 0.0, 0.0, 1.0],
                [0.976058, 0.101075, 0.192598, 0.124994, 0.097971, -0.99486, 0.025603, -0.002831, 0.194196, -0.006121, -0.980943, -1.2e-05, 0.0, 0.0, 0.0, 1.0],
                [0.975894, 0.100128, 0.19392, 0.124994, 0.098514, -0.994973, 0.017971, -0.002831, 0.194744, 0.001566, -0.980853, -1.2e-05, 0.0, 0.0, 0.0, 1.0],
                [0.975823, 0.099713, 0.194492, 0.124994, 0.098752, -0.995004, 0.014654, -0.002831, 0.194981, 0.004908, -0.980795, -1.2e-05, 0.0, 0.0, 0.0, 1.0]
            ]
        },
        {
            "name": "Leg_R",
            "time": [0.0, 0.3333, 0.9667, 1.0667, 1.1667, 1.5, 1.9, 1.9167, 1.9333, 1.95, 1.9667, 1.9833, 2.0, 2.0167, 2.0333, 2.05, 2.0667, 2.0833, 2.1, 2.1167, 2.1333, 2.15, 2.1667, 2.1833, 2.2, 2.2167, 2.2333, 2.25, 2.2667, 2.2833],
            "transform": [
                [0.981778, 0.066057, 0.178179, -0.0, -0.088071, 0.989027, 0.11861, 0.37472, -0.168389, -0.132141, 0.976823, 0.0, 0.0, 0.0, 0.0, 1.0],
                [0.984535, 0.120153, -0.127496, 0.0, 0.012044, 0.679611, 0.733474, 0.37472, 0.174777, -0.723666, 0.667653, -0.0, 0.0, 0.0, 0.0, 1.0],
                [0.976649, 0.139957, -0.163002, -0.0, 0.047435, 0.599507, 0.798963, 0.37472, 0.209541, -0.788038, 0.578869, -0.0, 0.0, 0.0, 0.0, 1.0],
                [0.993519, 0.039022, -0.106756, 0.0, 0.112835, -0.225366, 0.967718, 0.37472, 0.013703, -0.973492, -0.228309, 0.0, 0.0, 0.0, 0.0, 1.0],
                [0.986415, 0.032119, -0.1611, -0.0, 0.108429, 0.609406, 0.785409, 0.37472, 0.123402, -0.792207, 0.597645, -0.0, 0.0, 0.0, 0.0, 1.0],
                [0.986415, 0.032119, -0.1611, -0.0, 0.108429, 0.609406, 0.785409, 0.374719, 0.123402, -0.792207, 0.597645, -0.0, 0.0, 0.0, 0.0, 1.0],
                [0.999485, -0.010744, -0.03025, -0.0, 0.022203, 0.911951, 0.409698, 0.37472, 0.023185, -0.410158, 0.91172, 0.0, 0.0, 0.0, 0.0, 1.0],
                [0.99953, -0.011757, -0.02832, 0.0, 0.022128, 0.915921, 0.400748, 0.37472, 0.021228, -0.401187, 0.91575, -0.0, 0.0, 0.0, 0.0, 1.0],
                [0.99957, -0.01274, -0.026407, -0.0, 0.022075, 0.919748, 0.391887, 0.37472, 0.019295, -0.392301, 0.919634, 0.0, 0.0, 0.0, 0.0, 1.0],
                [0.999606, -0.013689, -0.024517, -0.0, 0.022043, 0.923426, 0.383142, 0.37472, 0.017394, -0.383531, 0.923364, 0.0, 0.0, 0.0, 0.0, 1.0],
                [0.999637, -0.014604, -0.022655, -0.0, 0.02203, 0.926948, 0.374542, 0.37472, 0.01553, -0.374905, 0.926933, 0.0, 0.0, 0.0, 0.0, 1.0],
                [0.999663, -0.015481, -0.020828, -0.0, 0.022035, 0.930308, 0.366117, 0.37472, 0.013709, -0.366452, 0.930336, 0.0, 0.0, 0.0, 0.0, 1.0],
                [0.999685, -0.01632, -0.019044, -0.0, 0.022057, 0.933501, 0.357894, 0.37472, 0.011937, -0.358202, 0.933568, 0.0, 0.0, 0.0, 0.0, 1.0],
                [0.999704, -0.017119, -0.017308, -0.0, 0.022095, 0.936525, 0.349904, 0.37472, 0.010219, -0.350183, 0.936625, -0.0, 0.0, 0.0, 0.0, 1.0],
                [0.999718, -0.017876, -0.015627, -0.0, 0.022146, 0.939375, 0.342177, 0.37472, 0.008562, -0.342426, 0.939506, -0.0, 0.0, 0.0, 0.0, 1.0],
                [0.999729, -0.018591, -0.014007, -0.0, 0.022208, 0.942049, 0.33474, 0.37472, 0.006972, -0.33496, 0.942207, 0.0, 0.0, 0.0, 0.0, 1.0],
                [0.999737, -0.019262, -0.012456, -0.0, 0.02228, 0.944546, 0.327623, 0.37472, 0.005454, -0.327814, 0.944726, -0.0, 0.0, 0.0, 0.0, 1.0],
                [0.999742, -0.019889, -0.010979, 0.0, 0.02236, 0.946864, 0.320856, 0.37472, 0.004014, -0.321018, 0.947064, -1e-06, 0.0, 0.0, 0.0, 1.0],
                [0.999744, -0.02047, -0.009583, 0.0, 0.022445, 0.949003, 0.314467, 0.37472, 0.002657, -0.314602, 0.94922, 0.0, 0.0, 0.0, 0.0, 1.0],
                [0.999745, -0.021005, -0.008276, 0.0, 0.022534, 0.950962, 0.308486, 0.37472, 0.00139, -0.308593, 0.951193, 0.0, 0.0, 0.0, 0.0, 1.0],
                [0.999744, -0.021494, -0.007062, -0.0, 0.022623, 0.952741, 0.302941, 0.37472, 0.000217, -0.303023, 0.952983, -0.0, 0.0, 0.0, 0.0, 1.0],
                [0.999742, -0.021935, -0.00595, 0.0, 0.022712, 0.954339, 0.29786, 0.37472, -0.000855, -0.297919, 0.954591, -0.0, 0.0, 0.0, 0.0, 1.0],
                [0.999739, -0.022328, -0.004945, -0.0, 0.022796, 0.955757, 0.293274, 0.37472, -0.001822, -0.29331, 0.956016, -0.0, 0.0, 0.0, 0.0, 1.0],
                [0.999735, -0.022673, -0.004053, -0.0, 0.022876, 0.956993, 0.289209, 0.37472, -0.002678, -0.289225, 0.957258, 0.0, 0.0, 0.0, 0.0, 1.0],
                [0.999731, -0.022967, -0.003282, -0.0, 0.022947, 0.958046, 0.285693, 0.37472, -0.003417, -0.285692, 0.958316, -0.0, 0.0, 0.0, 0.0, 1.0],
                [0.999727, -0.023211, -0.002637, -0.0, 0.02301, 0.958916, 0.282756, 0.37472, -0.004034, -0.282739, 0.959188, -0.0, 0.0, 0.0, 0.0, 1.0],
                [0.999724, -0.023404, -0.002125, -0.0, 0.02306, 0.959599, 0.280423, 0.37472, -0.004524, -0.280395, 0.959874, 0.0, 0.0, 0.0, 0.0, 1.0],
                [0.999721, -0.023543, -0.001751, 0.0, 0.023098, 0.960094, 0.278724, 0.37472, -0.004881, -0.278687, 0.96037, -0.0, 0.0, 0.0, 0.0, 1.0],
                [0.99972, -0.023628, -0.001523, 0.0, 0.023122, 0.960394, 0.277684, 0.37472, -0.005099, -0.277642, 0.960671, -0.0, 0.0, 0.0, 0.0, 1.0],
                [0.999719, -0.023657, -0.001445, -0.0, 0.02313, 0.960496, 0.277332, 0.37472, -0.005173, -0.277288, 0.960773, 0.0, 0.0, 0.0, 0.0, 1.0]
            ]
        },
        {
            "name": "Knee_R",
            "time": [0.0, 0.3333, 0.9667, 1.0667, 1.1667, 1.5, 1.9, 1.9167, 1.9333, 1.95, 1.9667, 1.9833, 2.0, 2.0167, 2.0333, 2.05, 2.0667, 2.0833, 2.1, 2.1167, 2.1333, 2.15, 2.1667, 2.1833, 2.2, 2.2167, 2.2333, 2.25, 2.2667, 2.2833],
            "transform": [
                [1.0, 0.0, -0.0, -0.0, -0.0, 1e-06, -1.0, 0.37472, -0.0, 1.0, 1e-06, 0.0, 0.0, 0.0, 0.0, 1.0],
                [1.0, 0.0, -0.0, 0.0, -0.0, 1e-06, -1.0, 0.37472, -0.0, 1.0, 1e-06, -0.0, 0.0, 0.0, 0.0, 1.0],
                [1.0, 0.0, -0.0, -0.0, -0.0, 1e-06, -1.0, 0.37472, -0.0, 1.0, 1e-06, -0.0, 0.0, 0.0, 0.0, 1.0],
                [1.0, 0.0, -0.0, 0.0, -0.0, 1e-06, -1.0, 0.37472, -0.0, 1.0, 1e-06, 0.0, 0.0, 0.0, 0.0, 1.0],
                [1.0, 0.0, -0.0, -0.0, -0.0, 1e-06, -1.0, 0.37472, -0.0, 1.0, 1e-06, -0.0, 0.0, 0.0, 0.0, 1.0],
                [1.0, 0.0, -0.0, -0.0, -0.0, 1e-06, -1.0, 0.374719, -0.0, 1.0, 1e-06, -0.0, 0.0, 0.0, 0.0, 1.0],
                [1.0, 0.0, -0.0, -0.0, -0.0, 1e-06, -1.0, 0.37472, -0.0, 1.0, 1e-06, 0.0, 0.0, 0.0, 0.0, 1.0],
                [1.0, 0.0, -0.0, 0.0, -0.0, 1e-06, -1.0, 0.37472, -0.0, 1.0, 1e-06, -0.0, 0.0, 0.0, 0.0, 1.0],
                [1.0, 0.0, -0.0, -0.0, -0.0, 1e-06, -1.0, 0.37472, -0.0, 1.0, 1e-06, 0.0, 0.0, 0.0, 0.0, 1.0],
                [1.0, 0.0, -0.0, -0.0, -0.0, 1e-06, -1.0, 0.37472, -0.0, 1.0, 1e-06, 0.0, 0.0, 0.0, 0.0, 1.0],
                [1.0, 0.0, -0.0, -0.0, -0.0, 1e-06, -1.0, 0.37472, -0.0, 1.0, 1e-06, 0.0, 0.0, 0.0, 0.0, 1.0],
                [1.0, 0.0, -0.0, -0.0, -0.0, 1e-06, -1.0, 0.37472, -0.0, 1.0, 1e-06, 0.0, 0.0, 0.0, 0.0, 1.0],
                [1.0, 0.0, -0.0, -0.0, -0.0, 1e-06, -1.0, 0.37472, -0.0, 1.0, 1e-06, 0.0, 0.0, 0.0, 0.0, 1.0],
                [1.0, 0.0, -0.0, -0.0, -0.0, 1e-06, -1.0, 0.37472, -0.0, 1.0, 1e-06, -0.0, 0.0, 0.0, 0.0, 1.0],
                [1.0, 0.0, -0.0, -0.0, -0.0, 1e-06, -1.0, 0.37472, -0.0, 1.0, 1e-06, -0.0, 0.0, 0.0, 0.0, 1.0],
                [1.0, 0.0, -0.0, -0.0, -0.0, 1e-06, -1.0, 0.37472, -0.0, 1.0, 1e-06, 0.0, 0.0, 0.0, 0.0, 1.0],
                [1.0, 0.0, -0.0, -0.0, -0.0, 1e-06, -1.0, 0.37472, -0.0, 1.0, 1e-06, -0.0, 0.0, 0.0, 0.0, 1.0],
                [1.0, 0.0, -0.0, 0.0, -0.0, 1e-06, -1.0, 0.37472, -0.0, 1.0, 1e-06, -1e-06, 0.0, 0.0, 0.0, 1.0],
                [1.0, 0.0, -0.0, 0.0, -0.0, 1e-06, -1.0, 0.37472, -0.0, 1.0, 1e-06, 0.0, 0.0, 0.0, 0.0, 1.0],
                [1.0, 0.0, -0.0, 0.0, -0.0, 1e-06, -1.0, 0.37472, 0.0, 1.0, 1e-06, 0.0, 0.0, 0.0, 0.0, 1.0],
                [1.0, 0.0, -0.0, -0.0, -0.0, 1e-06, -1.0, 0.37472, -0.0, 1.0, 1e-06, -0.0, 0.0, 0.0, 0.0, 1.0],
                [1.0, 0.0, -0.0, 0.0, -0.0, 1e-06, -1.0, 0.37472, -0.0, 1.0, 1e-06, -0.0, 0.0, 0.0, 0.0, 1.0],
                [1.0, 0.0, -0.0, -0.0, -0.0, 1e-06, -1.0, 0.37472, -0.0, 1.0, 1e-06, -0.0, 0.0, 0.0, 0.0, 1.0],
                [1.0, 0.0, -0.0, -0.0, -0.0, 1e-06, -1.0, 0.37472, -0.0, 1.0, 1e-06, 0.0, 0.0, 0.0, 0.0, 1.0],
                [1.0, -0.0, -0.0, -0.0, -0.0, 1e-06, -1.0, 0.37472, -0.0, 1.0, 1e-06, -0.0, 0.0, 0.0, 0.0, 1.0],
                [1.0, 0.0, -0.0, -0.0, -0.0, 1e-06, -1.0, 0.37472, -0.0, 1.0, 1e-06, -0.0, 0.0, 0.0, 0.0, 1.0],
                [1.0, 0.0, -0.0, -0.0, -0.0, 1e-06, -1.0, 0.37472, -0.0, 1.0, 1e-06, 0.0, 0.0, 0.0, 0.0, 1.0],
                [1.0, 0.0, -0.0, 0.0, -0.0, 1e-06, -1.0, 0.37472, -0.0, 1.0, 1e-06, -0.0, 0.0, 0.0, 0.0, 1.0],
                [1.0, 0.0, -0.0, 0.0, -0.0, 1e-06, -1.0, 0.37472, -0.0, 1.0, 1e-06, -0.0, 0.0, 0.0, 0.0, 1.0],
                [1.0, 0.0, -0.0, -0.0, -0.0, 1e-06, -1.0, 0.37472, -0.0, 1.0, 1e-06, 0.0, 0.0, 0.0, 0.0, 1.0]
            ]
        },
        {
            "name": "Thigh_L",
            "time": [0.0, 0.3333, 0.9667, 1.0667, 1.1667, 1.5, 1.9, 1.9167, 1.9333, 1.95, 1.9667, 1.9833, 2.0, 2.0167, 2.0333, 2.05, 2.0667, 2.0833, 2.1, 2.1167, 2.2833],
            "transform": [
                [0.16883, 0.185918, 0.967952, -0.125006, -0.031488, -0.98053, 0.193826, -0.002831, 0.985142, -0.063202, -0.159689, -1.2e-05, 0.0, 0.0, 0.0, 1.0],
                [0.985219, -0.163599, -0.050771, -0.112573, -0.166204, -0.841247, -0.514471, 0.008604, 0.041456, 0.515305, -0.856003, 0.035667, 0.0, 0.0, 0.0, 1.0],
                [0.983921, -0.157868, -0.08353, -0.112171, -0.177632, -0.816237, -0.549731, 0.011239, 0.018605, 0.55573, -0.831155, 0.036823, 0.0, 0.0, 0.0, 1.0],
                [0.961146, -0.225388, 0.159369, -0.111913, -0.023578, -0.642265, -0.76612, 0.047169, 0.275031, 0.732596, -0.622625, 0.037562, 0.0, 0.0, 0.0, 1.0],
                [0.811828, -0.579596, -0.070739, -0.091077, -0.581892, -0.79305, -0.180204, 0.026415, 0.048346, 0.187457, -0.981082, 0.006947, 0.0, 0.0, 0.0, 1.0],
                [0.811828, -0.579596, -0.070739, -0.091077, -0.581892, -0.79305, -0.180204, 0.026415, 0.048346, 0.187457, -0.981082, 0.006947, 0.0, 0.0, 0.0, 1.0],
                [0.99748, -0.070014, -0.01146, -0.125006, -0.070014, -0.945358, -0.318427, -0.002831, 0.01146, 0.318427, -0.947878, -1.2e-05, 0.0, 0.0, 0.0, 1.0],
                [0.997352, -0.071883, -0.011053, -0.125006, -0.071882, -0.951219, -0.300025, -0.002831, 0.011053, 0.300025, -0.953867, -1.2e-05, 0.0, 0.0, 0.0, 1.0],
                [0.997219, -0.073768, -0.010603, -0.125006, -0.073768, -0.956795, -0.28125, -0.002831, 0.010603, 0.28125, -0.959576, -1.2e-05, 0.0, 0.0, 0.0, 1.0],
                [0.997085, -0.075619, -0.010123, -0.125006, -0.075618, -0.961929, -0.26263, -0.002831, 0.010123, 0.262631, -0.964843, -1.2e-05, 0.0, 0.0, 0.0, 1.0],
                [0.996952, -0.077418, -0.009618, -0.125006, -0.077418, -0.966597, -0.244328, -0.002831, 0.009618, 0.244328, -0.969645, -1.2e-05, 0.0, 0.0, 0.0, 1.0],
                [0.996809, -0.079304, -0.00905, -0.125006, -0.079303, -0.971137, -0.224953, -0.002831, 0.00905, 0.224954, -0.974327, -1.1e-05, 0.0, 0.0, 0.0, 1.0],
                [0.996678, -0.081, -0.008504, -0.125006, -0.081, -0.974911, -0.207335, -0.002831, 0.008504, 0.207335, -0.978233, -1.1e-05, 0.0, 0.0, 0.0, 1.0],
                [0.996549, -0.082623, -0.007949, -0.125006, -0.082623, -0.97824, -0.190315, -0.002831, 0.007949, 0.190316, -0.981691, -1.1e-05, 0.0, 0.0, 0.0, 1.0],
                [0.996423, -0.084184, -0.007385, -0.125006, -0.084184, -0.981176, -0.173797, -0.002831, 0.007385, 0.173798, -0.984754, -1.1e-05, 0.0, 0.0, 0.0, 1.0],
                [0.996299, -0.085685, -0.006814, -0.125006, -0.085684, -0.983752, -0.157766, -0.002831, 0.006814, 0.157767, -0.987453, -1.1e-05, 0.0, 0.0, 0.0, 1.0],
                [0.996178, -0.087126, -0.00624, -0.125006, -0.087126, -0.985991, -0.142231, -0.002831, 0.00624, 0.142231, -0.989814, -1.1e-05, 0.0, 0.0, 0.0, 1.0],
                [0.996059, -0.088509, -0.005664, -0.125006, -0.088508, -0.987919, -0.127207, -0.002831, 0.005664, 0.127208, -0.99186, -1.1e-05, 0.0, 0.0, 0.0, 1.0],
                [0.995944, -0.089831, -0.005089, -0.125006, -0.089831, -0.989558, -0.112715, -0.002831, 0.005089, 0.112716, -0.993614, -1.1e-05, 0.0, 0.0, 0.0, 1.0],
                [0.995832, -0.091093, -0.004519, -0.125006, -0.091092, -0.990932, -0.098775, -0.002831, 0.004519, 0.098775, -0.995099, -1.1e-05, 0.0, 0.0, 0.0, 1.0],
                [0.934229, -0.329202, -0.137268, -0.125006, -0.273888, -0.908664, 0.315144, -0.002831, -0.228477, -0.25682, -0.939064, -1.1e-05, 0.0, 0.0, 0.0, 1.0]
            ]
        },
        {
            "name": "Leg_L",
            "time": [0.0, 0.3333, 0.9667, 1.0667, 1.1667, 1.5, 1.9, 1.9167, 1.9333, 1.95, 1.9667, 1.9833, 2.0, 2.0167, 2.0333, 2.05, 2.0667, 2.0833, 2.1, 2.1167, 2.1333, 2.15, 2.1667, 2.1833, 2.2, 2.2167, 2.2333, 2.25, 2.2667, 2.2833],
            "transform": [
                [0.986549, -0.086765, 0.138541, -0.0, -0.145709, -0.082568, 0.985876, 0.37472, -0.074101, -0.992801, -0.0941, -0.0, 0.0, 0.0, 0.0, 1.0],
                [0.99667, -0.005048, 0.08139, -0.0, -0.042654, 0.818385, 0.573086, 0.37472, -0.069501, -0.574649, 0.815444, -0.0, 0.0, 0.0, 0.0, 1.0],
                [0.996891, -0.00318, 0.078732, -0.0, -0.035179, 0.876118, 0.480812, 0.37472, -0.070507, -0.482086, 0.873282, -0.0, 0.0, 0.0, 0.0, 1.0],
                [0.994973, -0.000381, 0.100147, -0.0, -0.002234, 0.999659, 0.026005, 0.37472, -0.100123, -0.026099, 0.994633, 0.0, 0.0, 0.0, 0.0, 1.0],
                [0.98075, -0.171497, 0.093369, 0.0, 0.169267, 0.985071, 0.031365, 0.37472, -0.097354, -0.014957, 0.995137, -0.0, 0.0, 0.0, 0.0, 1.0],
                [0.98075, -0.171497, 0.093369, 0.0, 0.169267, 0.985071, 0.031365, 0.37472, -0.097354, -0.014957, 0.995137, 0.0, 0.0, 0.0, 0.0, 1.0],
                [0.999518, 0.025966, 0.016999, -0.0, -0.027322, 0.996, 0.085077, 0.37472, -0.014722, -0.085501, 0.996229, 0.0, 0.0, 0.0, 0.0, 1.0],
                [0.999466, 0.027194, 0.018114, -0.0, -0.028887, 0.994478, 0.100895, 0.37472, -0.01527, -0.101364, 0.994732, 0.0, 0.0, 0.0, 0.0, 1.0],
                [0.999412, 0.028392, 0.019236, 0.0, -0.030444, 0.992725, 0.116489, 0.37472, -0.015788, -0.117006, 0.993006, 0.0, 0.0, 0.0, 0.0, 1.0],
                [0.999356, 0.029556, 0.02036, -0.0, -0.031988, 0.990759, 0.131808, 0.37472, -0.016276, -0.132375, 0.991066, 0.0, 0.0, 0.0, 0.0, 1.0],
                [0.999298, 0.030684, 0.021482, -0.0, -0.033511, 0.988598, 0.146801, 0.37472, -0.016732, -0.147418, 0.988933, -0.0, 0.0, 0.0, 0.0, 1.0],
                [0.99924, 0.031772, 0.022596, -0.0, -0.035009, 0.986265, 0.161418, 0.37472, -0.017157, -0.162087, 0.986627, -0.0, 0.0, 0.0, 0.0, 1.0],
                [0.99918, 0.032816, 0.023698, -0.0, -0.036476, 0.983784, 0.175611, 0.37472, -0.01755, -0.176331, 0.984174, -0.0, 0.0, 0.0, 0.0, 1.0],
                [0.999121, 0.033816, 0.024781, 0.0, -0.037904, 0.981181, 0.189331, 0.37472, -0.017912, -0.190104, 0.981601, 0.0, 0.0, 0.0, 0.0, 1.0],
                [0.999061, 0.034767, 0.025841, 0.0, -0.03929, 0.978487, 0.202534, 0.37472, -0.018243, -0.203359, 0.978934, -0.0, 0.0, 0.0, 0.0, 1.0],
                [0.999002, 0.035668, 0.026872, 0.0, -0.040625, 0.97573, 0.215174, 0.37472, -0.018544, -0.216051, 0.976206, -0.0, 0.0, 0.0, 0.0, 1.0],
                [0.998944, 0.036518, 0.027868, -0.0, -0.041906, 0.972944, 0.227208, 0.37472, -0.018816, -0.228136, 0.973448, 0.0, 0.0, 0.0, 0.0, 1.0],
                [0.998888, 0.037314, 0.028823, 0.0, -0.043126, 0.970161, 0.238594, 0.37472, -0.01906, -0.239572, 0.970692, 1e-06, 0.0, 0.0, 0.0, 1.0],
                [0.998833, 0.038055, 0.029733, 0.0, -0.044279, 0.967416, 0.249292, 0.37472, -0.019278, -0.250318, 0.967972, -0.0, 0.0, 0.0, 0.0, 1.0],
                [0.998781, 0.038739, 0.030592, -0.0, -0.04536, 0.964741, 0.259261, 0.37472, -0.01947, -0.260333, 0.965323, 0.0, 0.0, 0.0, 0.0, 1.0],
                [0.998732, 0.039365, 0.031394, 0.0, -0.046363, 0.962174, 0.268462, 0.37472, -0.019638, -0.269577, 0.962779, -0.0, 0.0, 0.0, 0.0, 1.0],
                [0.998686, 0.039932, 0.032133, 0.0, -0.047283, 0.959747, 0.276858, 0.37472, -0.019784, -0.278014, 0.960373, -0.0, 0.0, 0.0, 0.0, 1.0],
                [0.998643, 0.040438, 0.032804, -0.0, -0.048115, 0.957495, 0.28441, 0.37472, -0.019909, -0.285603, 0.958141, -0.0, 0.0, 0.0, 0.0, 1.0],
                [0.998605, 0.040883, 0.033402, -0.0, -0.048852, 0.95545, 0.291081, 0.37472, -0.020014, -0.292307, 0.956115, 0.0, 0.0, 0.0, 0.0, 1.0],
                [0.998572, 0.041264, 0.033922, -0.0, -0.049491, 0.953646, 0.296833, 0.37472, -0.020101, -0.298088, 0.954327, 0.0, 0.0, 0.0, 0.0, 1.0],
                [0.998544, 0.04158, 0.034358, 0.0, -0.050025, 0.952112, 0.301628, 0.37472, -0.020171, -0.302907, 0.952807, 0.0, 0.0, 0.0, 0.0, 1.0],
                [0.998522, 0.041829, 0.034706, 0.0, -0.050449, 0.950878, 0.305428, 0.37472, -0.020225, -0.306727, 0.951583, -0.0, 0.0, 0.0, 0.0, 1.0],
                [0.998505, 0.04201, 0.03496, 0.0, -0.050759, 0.949969, 0.308193, 0.37472, -0.020263, -0.309507, 0.950681, 0.0, 0.0, 0.0, 0.0, 1.0],
                [0.998495, 0.042121, 0.035115, -0.0, -0.050948, 0.949409, 0.309883, 0.37472, -0.020286, -0.311206, 0.950126, -0.0, 0.0, 0.0, 0.0, 1.0],
                [0.998492, 0.042158, 0.035168, 0.0, -0.051013, 0.949218, 0.310456, 0.37472, -0.020294, -0.311782, 0.949937, 0.0, 0.0, 0.0, 0.0, 1.0]
            ]
        },
        {
            "name": "Knee_L",
            "time": [0.0, 0.3333, 0.9667, 1.0667, 1.1667, 1.5, 1.9, 1.9167, 1.9333, 1.95, 1.9667, 1.9833, 2.0, 2.0167, 2.0333, 2.05, 2.0667, 2.0833, 2.1, 2.1167, 2.1333, 2.15, 2.1667, 2.1833, 2.2, 2.2167, 2.2333, 2.25, 2.2667, 2.2833],
            "transform": [
                [1.0, 0.0, -0.0, -0.0, -0.0, 1e-06, -1.0, 0.37472, -0.0, 1.0, 1e-06, -0.0, 0.0, 0.0, 0.0, 1.0],
                [1.0, 0.0, -0.0, -0.0, -0.0, 1e-06, -1.0, 0.37472, -0.0, 1.0, 1e-06, -0.0, 0.0, 0.0, 0.0, 1.0],
                [1.0, 0.0, -0.0, -0.0, -0.0, 1e-06, -1.0, 0.37472, -0.0, 1.0, 1e-06, -0.0, 0.0, 0.0, 0.0, 1.0],
                [1.0, 0.0, -0.0, -0.0, -0.0, 1e-06, -1.0, 0.37472, -0.0, 1.0, 1e-06, 0.0, 0.0, 0.0, 0.0, 1.0],
                [1.0, 0.0, -0.0, 0.0, -0.0, 1e-06, -1.0, 0.37472, -0.0, 1.0, 1e-06, -0.0, 0.0, 0.0, 0.0, 1.0],
                [1.0, 0.0, -0.0, 0.0, -0.0, 1e-06, -1.0, 0.37472, -0.0, 1.0, 1e-06, 0.0, 0.0, 0.0, 0.0, 1.0],
                [1.0, 0.0, -0.0, -0.0, -0.0, 1e-06, -1.0, 0.37472, -0.0, 1.0, 1e-06, 0.0, 0.0, 0.0, 0.0, 1.0],
                [1.0, 0.0, -0.0, -0.0, -0.0, 1e-06, -1.0, 0.37472, -0.0, 1.0, 1e-06, 0.0, 0.0, 0.0, 0.0, 1.0],
                [1.0, 0.0, -0.0, 0.0, -0.0, 1e-06, -1.0, 0.37472, -0.0, 1.0, 1e-06, 0.0, 0.0, 0.0, 0.0, 1.0],
                [1.0, 0.0, -0.0, -0.0, -0.0, 1e-06, -1.0, 0.37472, -0.0, 1.0, 1e-06, 0.0, 0.0, 0.0, 0.0, 1.0],
                [1.0, 0.0, -0.0, -0.0, -0.0, 1e-06, -1.0, 0.37472, -0.0, 1.0, 1e-06, -0.0, 0.0, 0.0, 0.0, 1.0],
                [1.0, 0.0, -0.0, -0.0, -0.0, 1e-06, -1.0, 0.37472, -0.0, 1.0, 1e-06, -0.0, 0.0, 0.0, 0.0, 1.0],
                [1.0, 0.0, -0.0, -0.0, -0.0, 1e-06, -1.0, 0.37472, -0.0, 1.0, 1e-06, -0.0, 0.0, 0.0, 0.0, 1.0],
                [1.0, 0.0, -0.0, 0.0, -0.0, 1e-06, -1.0, 0.37472, -0.0, 1.0, 1e-06, 0.0, 0.0, 0.0, 0.0, 1.0],
                [1.0, 0.0, -0.0, 0.0, -0.0, 1e-06, -1.0, 0.37472, -0.0, 1.0, 1e-06, -0.0, 0.0, 0.0, 0.0, 1.0],
                [1.0, 0.0, -0.0, 0.0, -0.0, 1e-06, -1.0, 0.37472, -0.0, 1.0, 1e-06, -0.0, 0.0, 0.0, 0.0, 1.0],
                [1.0, 0.0, -0.0, -0.0, -0.0, 1e-06, -1.0, 0.37472, -0.0, 1.0, 1e-06, 0.0, 0.0, 0.0, 0.0, 1.0],
                [1.0, 0.0, -0.0, 0.0, -0.0, 1e-06, -1.0, 0.37472, -0.0, 1.0, 1e-06, 1e-06, 0.0, 0.0, 0.0, 1.0],
                [1.0, 0.0, -0.0, 0.0, -0.0, 1e-06, -1.0, 0.37472, -0.0, 1.0, 1e-06, -0.0, 0.0, 0.0, 0.0, 1.0],
                [1.0, 0.0, -0.0, -0.0, -0.0, 1e-06, -1.0, 0.37472, -0.0, 1.0, 1e-06, 0.0, 0.0, 0.0, 0.0, 1.0],
                [1.0, 0.0, -0.0, 0.0, -0.0, 1e-06, -1.0, 0.37472, -0.0, 1.0, 1e-06, -0.0, 0.0, 0.0, 0.0, 1.0],
                [1.0, 0.0, -0.0, 0.0, -0.0, 1e-06, -1.0, 0.37472, -0.0, 1.0, 1e-06, -0.0, 0.0, 0.0, 0.0, 1.0],
                [1.0, 0.0, -0.0, -0.0, -0.0, 1e-06, -1.0, 0.37472, -0.0, 1.0, 1e-06, -0.0, 0.0, 0.0, 0.0, 1.0],
                [1.0, 0.0, -0.0, -0.0, -0.0, 1e-06, -1.0, 0.37472, -0.0, 1.0, 1e-06, 0.0, 0.0, 0.0, 0.0, 1.0],
                [1.0, 0.0, -0.0, -0.0, -0.0, 1e-06, -1.0, 0.37472, -0.0, 1.0, 1e-06, 0.0, 0.0, 0.0, 0.0, 1.0],
                [1.0, 0.0, -0.0, 0.0, -0.0, 1e-06, -1.0, 0.37472, -0.0, 1.0, 1e-06, 0.0, 0.0, 0.0, 0.0, 1.0],
                [1.0, 0.0, -0.0, 0.0, -0.0, 1e-06, -1.0, 0.37472, -0.0, 1.0, 1e-06, -0.0, 0.0, 0.0, 0.0, 1.0],
                [1.0, 0.0, -0.0, 0.0, -0.0, 1e-06, -1.0, 0.37472, -0.0, 1.0, 1e-06, 0.0, 0.0, 0.0, 0.0, 1.0],
                [1.0, 0.0, -0.0, -0.0, -0.0, 1e-06, -1.0, 0.37472, -0.0, 1.0, 1e-06, -0.0, 0.0, 0.0, 0.0, 1.0],
                [1.0, 0.0, -0.0, 0.0, -0.0, 1e-06, -1.0, 0.37472, -0.0, 1.0, 1e-06, 0.0, 0.0, 0.0, 0.0, 1.0]
            ]
        },
        {
            "name": "Torso",
            "time": [0.0, 0.3333, 0.9667, 1.0667, 1.1667, 1.5, 2.0167, 2.0333, 2.05, 2.0667, 2.0833, 2.1, 2.1167, 2.1333, 2.15, 2.1667, 2.1833, 2.2, 2.2167, 2.2333, 2.25, 2.2667, 2.2833],
            "transform": [
                [0.703245, -0.218709, -0.676471, -0.0, 0.150879, 0.975744, -0.158616, 0.05, 0.694753, 0.00948, 0.719186, 0.0, 0.0, 0.0, 0.0, 1.0],
                [0.938267, -0.004138, 0.345887, 0.0, -0.303524, 0.469764, 0.828972, 0.05, -0.165916, -0.882782, 0.439508, -0.0, 0.0, 0.0, 0.0, 1.0],
                [0.927961, -0.015739, 0.372345, 0.0, -0.326959, 0.445091, 0.833662, 0.05, -0.178849, -0.895347, 0.407881, 0.0, 0.0, 0.0, 0.0, 1.0],
                [0.994642, 0.015065, -0.102276, 0.0, -0.003978, 0.99417, 0.107751, 0.05, 0.103303, -0.106767, 0.988903, -0.0, 0.0, 0.0, 0.0, 1.0],
                [0.464726, 0.253174, -0.848489, 0.0, -0.134923, 0.967309, 0.214729, 0.05, 0.875115, 0.014691, 0.483693, -0.0, 0.0, 0.0, 0.0, 1.0],
                [0.454567, 0.323677, -0.82982, 0.0, -0.140765, 0.946034, 0.291897, 0.05, 0.879519, -0.015877, 0.475599, -0.0, 0.0, 0.0, 0.0, 1.0],
                [0.997498, 0.020051, 0.067791, -0.0, -0.026562, 0.994973, 0.096552, 0.05, -0.065515, -0.098111, 0.993017, 0.0, 0.0, 0.0, 0.0, 1.0],
                [0.998012, 0.018235, 0.060322, -0.0, -0.023417, 0.995989, 0.086355, 0.05, -0.058505, -0.087596, 0.994437, 0.0, 0.0, 0.0, 0.0, 1.0],
                [0.99845, 0.016414, 0.053188, -0.0, -0.020464, 0.996858, 0.07652, 0.05, -0.051765, -0.077489, 0.995649, 0.0, 0.0, 0.0, 0.0, 1.0],
                [0.998816, 0.014604, 0.046412, -0.0, -0.017703, 0.99759, 0.06709, 0.05, -0.04532, -0.067832, 0.996667, 0.0, 0.0, 0.0, 0.0, 1.0],
                [0.999117, 0.012823, 0.040014, -0.0, -0.015138, 0.998196, 0.058107, 0.05, -0.039197, -0.058662, 0.997508, 0.0, 0.0, 0.0, 0.0, 1.0],
                [0.99936, 0.011088, 0.034016, -0.0, -0.012769, 0.998687, 0.049614, 0.05, -0.033421, -0.050017, 0.998189, 0.0, 0.0, 0.0, 0.0, 1.0],
                [0.999551, 0.009417, 0.028438, -0.0, -0.010598, 0.999076, 0.041652, 0.05, -0.028019, -0.041935, 0.998727, 0.0, 0.0, 0.0, 0.0, 1.0],
                [0.999698, 0.007829, 0.023299, -0.0, -0.008625, 0.999376, 0.034262, 0.05, -0.023016, -0.034453, 0.999141, 0.0, 0.0, 0.0, 0.0, 1.0],
                [0.999807, 0.00634, 0.018619, -0.0, -0.006851, 0.999599, 0.027484, 0.05, -0.018438, -0.027606, 0.999449, 0.0, 0.0, 0.0, 0.0, 1.0],
                [0.999884, 0.004969, 0.014418, -0.0, -0.005276, 0.999758, 0.021357, 0.05, -0.014308, -0.021431, 0.999668, 0.0, 0.0, 0.0, 0.0, 1.0],
                [0.999936, 0.003732, 0.010713, -0.0, -0.003903, 0.999866, 0.015922, 0.05, -0.010652, -0.015963, 0.999816, 0.0, 0.0, 0.0, 0.0, 1.0],
                [0.999968, 0.002646, 0.007524, -0.0, -0.00273, 0.999933, 0.011217, 0.05, -0.007494, -0.011237, 0.999909, 0.0, 0.0, 0.0, 0.0, 1.0],
                [0.999987, 0.001727, 0.00487, -0.0, -0.001762, 0.999972, 0.007281, 0.05, -0.004858, -0.00729, 0.999962, 0.0, 0.0, 0.0, 0.0, 1.0],
                [0.999996, 0.000989, 0.002771, -0.0, -0.001001, 0.999991, 0.004153, 0.05, -0.002767, -0.004156, 0.999988, 0.0, 0.0, 0.0, 0.0, 1.0],
                [0.999999, 0.000447, 0.001246, -0.0, -0.000449, 0.999998, 0.001871, 0.05, -0.001245, -0.001872, 0.999997, 0.0, 0.0, 0.0, 0.0, 1.0],
                [1.0, 0.000113, 0.000315, -0.0, -0.000114, 1.0, 0.000474, 0.05, -0.000315, -0.000474, 1.0, 0.0, 0.0, 0.0, 0.0, 1.0],
                [1.0, 0.0, 0.0, -0.0, 0.0, 1.0, 0.0, 0.05, 0.0, 0.0, 1.0, 0.0, 0.0, 0.0, 0.0, 1.0]
            ]
        },
        {
            "name": "Chest",
            "time": [0.0, 0.3333, 0.9667, 1.0667, 1.1667, 1.5, 1.9, 1.9167, 1.9333, 1.95, 1.9667, 1.9833, 2.0, 2.0167, 2.0333, 2.05, 2.0667, 2.0833, 2.1, 2.1167, 2.1333, 2.15, 2.1667, 2.1833, 2.2, 2.2167, 2.2333, 2.25, 2.2667, 2.2833],
            "transform": [
                [0.91331, 0.032498, 0.405966, 0.0, 0.013333, 0.993891, -0.109557, 0.3, -0.407046, 0.105473, 0.907298, 0.0, 0.0, 0.0, 0.0, 1.0],
                [0.994378, -0.105022, -0.013528, -0.0, 0.103552, 0.991153, -0.083027, 0.3, 0.022128, 0.081159, 0.996456, 0.0, 0.0, 0.0, 0.0, 1.0],
                [0.992576, -0.109066, -0.053827, 0.0, 0.104306, 0.99095, -0.084485, 0.3, 0.062555, 0.078243, 0.99497, -0.0, 0.0, 0.0, 0.0, 1.0],
                [0.979335, -0.201356, -0.018909, 0.0, 0.188201, 0.941579, -0.279302, 0.3, 0.074043, 0.269971, 0.960017, 0.0, 0.0, 0.0, 0.0, 1.0],
                [0.761668, 0.235908, -0.603497, -0.0, 0.210309, 0.790945, 0.57461, 0.3, 0.612888, -0.564583, 0.552824, 0.0, 0.0, 0.0, 0.0, 1.0],
                [0.761668, 0.235908, -0.603497, -0.0, 0.210309, 0.790945, 0.57461, 0.3, 0.612888, -0.564583, 0.552824, 0.0, 0.0, 0.0, 0.0, 1.0],
                [0.995752, 0.002203, 0.092044, 0.0, -0.021671, 0.977236, 0.211047, 0.3, -0.089484, -0.212145, 0.973133, 0.0, 0.0, 0.0, 0.0, 1.0],
                [0.996237, 0.002621, 0.086633, 0.0, -0.019868, 0.979832, 0.198834, 0.3, -0.084364, -0.199807, 0.976197, 0.0, 0.0, 0.0, 0.0, 1.0],
                [0.996699, 0.002975, 0.081132, -0.0, -0.018104, 0.982308, 0.186394, 0.3, -0.079142, -0.187247, 0.979119, 0.0, 0.0, 0.0, 0.0, 1.0],
                [0.997126, 0.003255, 0.075695, 0.0, -0.016428, 0.984596, 0.174074, 0.3, -0.073962, -0.174817, 0.981819, 0.0, 0.0, 0.0, 0.0, 1.0],
                [0.997515, 0.003462, 0.070366, -0.0, -0.01485, 0.986683, 0.161976, 0.3, -0.068868, -0.162618, 0.984283, 0.0, 0.0, 0.0, 0.0, 1.0],
                [0.997896, 0.003609, 0.064741, 0.0, -0.013254, 0.988721, 0.149178, 0.3, -0.063472, -0.149722, 0.986689, 0.0, 0.0, 0.0, 0.0, 1.0],
                [0.998213, 0.003678, 0.059638, -0.0, -0.011867, 0.990424, 0.137545, 0.3, -0.058561, -0.138007, 0.988699, 0.0, 0.0, 0.0, 0.0, 1.0],
                [0.998495, 0.003688, 0.054718, -0.0, -0.010585, 0.991934, 0.126309, 0.3, -0.05381, -0.126698, 0.990481, 0.0, 0.0, 0.0, 0.0, 1.0],
                [0.998745, 0.003644, 0.04995, 0.0, -0.009396, 0.993274, 0.115404, 0.3, -0.049194, -0.115728, 0.992062, -0.0, 0.0, 0.0, 0.0, 1.0],
                [0.998966, 0.003551, 0.04533, -0.0, -0.008291, 0.994457, 0.104816, 0.3, -0.044707, -0.105083, 0.993458, 0.0, 0.0, 0.0, 0.0, 1.0],
                [0.999159, 0.003413, 0.040858, -0.0, -0.007267, 0.995493, 0.094551, 0.3, -0.040351, -0.094768, 0.994681, 0.0, 0.0, 0.0, 0.0, 1.0],
                [0.999327, 0.003236, 0.036537, 0.0, -0.006321, 0.996393, 0.084617, 0.3, -0.036131, -0.084791, 0.995744, 0.0, 0.0, 0.0, 0.0, 1.0],
                [0.999471, 0.003025, 0.032371, 0.0, -0.005448, 0.997167, 0.075026, 0.3, -0.032053, -0.075163, 0.996656, -0.0, 0.0, 0.0, 0.0, 1.0],
                [0.999594, 0.002784, 0.028367, 0.0, -0.004646, 0.997823, 0.065792, 0.3, -0.028122, -0.065897, 0.99743, 0.0, 0.0, 0.0, 0.0, 1.0],
                [0.999696, 0.002517, 0.024528, -0.0, -0.003911, 0.998371, 0.056929, 0.3, -0.024345, -0.057008, 0.998077, 0.0, 0.0, 0.0, 0.0, 1.0],
                [0.99978, 0.002231, 0.020863, 0.0, -0.00324, 0.99882, 0.048454, 0.3, -0.02073, -0.048511, 0.998607, 0.0, 0.0, 0.0, 0.0, 1.0],
                [0.999847, 0.001929, 0.017378, 0.0, -0.00263, 0.999181, 0.040387, 0.3, -0.017286, -0.040426, 0.999033, 0.0, 0.0, 0.0, 0.0, 1.0],
                [0.9999, 0.001618, 0.014084, 0.0, -0.002079, 0.999462, 0.032749, 0.3, -0.014023, -0.032775, 0.999364, 0.0, 0.0, 0.0, 0.0, 1.0],
                [0.999939, 0.001303, 0.01099, 0.0, -0.001583, 0.999672, 0.02557, 0.3, -0.010953, -0.025586, 0.999613, -0.0, 0.0, 0.0, 0.0, 1.0],
                [0.999967, 0.000989, 0.008113, 0.0, -0.001142, 0.999821, 0.018887, 0.3, -0.008093, -0.018895, 0.999789, 0.0, 0.0, 0.0, 0.0, 1.0],
                [0.999985, 0.000677, 0.005413, 0.0, -0.000745, 0.99992, 0.012607, 0.3, -0.005404, -0.01261, 0.999906, 0.0, 0.0, 0.0, 0.0, 1.0],
                [0.999996, 0.000376, 0.002934, -0.0, -0.000396, 0.999977, 0.006836, 0.3, -0.002931, -0.006837, 0.999972, -0.0, 0.0, 0.0, 0.0, 1.0],
                [1.0, 0.000116, 0.000889, -0.0, -0.000118, 0.999998, 0.002073, 0.3, -0.000889, -0.002073, 0.999997, 0.0, 0.0, 0.0, 0.0, 1.0],
                [1.0, 0.0, 0.0, -0.0, 0.0, 1.0, 0.0, 0.3, 0.0, 0.0, 1.0, 0.0, 0.0, 0.0, 0.0, 1.0]
            ]
        },
        {
            "name": "Head",
            "time": [0.0, 0.3333, 0.9667, 1.0667, 1.1333, 1.1667, 1.5, 1.9, 2.0833, 2.1, 2.1167, 2.1333, 2.15, 2.1667, 2.1833, 2.2, 2.2167, 2.2333, 2.25, 2.2667, 2.2833],
            "transform": [
                [0.478217, -0.094314, -0.873163, 0.0, 0.057871, 0.99544, -0.075827, 0.4, 0.876333, -0.014269, 0.481495, -0.0, 0.0, 0.0, 0.0, 1.0],
                [0.923913, -0.126145, -0.36121, 0.0, -0.071187, 0.870923, -0.486236, 0.4, 0.375922, 0.474953, 0.795677, -0.0, 0.0, 0.0, 0.0, 1.0],
                [0.955254, -0.103403, -0.277123, 0.0, -0.0514, 0.864618, -0.499794, 0.4, 0.291285, 0.491675, 0.820615, -0.0, 0.0, 0.0, 0.0, 1.0],
                [0.968747, 0.041514, -0.244554, 0.0, -0.064801, 0.994014, -0.087957, 0.4, 0.239439, 0.101055, 0.965638, -0.0, 0.0, 0.0, 0.0, 1.0],
                [0.984379, 0.024971, -0.174282, 0.0, -0.117747, 0.829313, -0.546238, 0.4, 0.130894, 0.558226, 0.819298, -0.0, 0.0, 0.0, 0.0, 1.0],
                [0.698735, 0.180308, 0.692285, 0.0, 0.428331, 0.669635, -0.60673, 0.4, -0.572976, 0.72047, 0.390667, 0.0, 0.0, 0.0, 0.0, 1.0],
                [0.698735, 0.180308, 0.692285, -0.0, 0.428331, 0.669635, -0.60673, 0.4, -0.572976, 0.72047, 0.390666, 0.0, 0.0, 0.0, 0.0, 1.0],
                [0.946724, -0.062555, 0.315911, 0.0, 0.116444, 0.981077, -0.154692, 0.4, -0.300256, 0.183236, 0.936093, -0.0, 0.0, 0.0, 0.0, 1.0],
                [0.981845, 0.016432, 0.188973, -0.0, 0.003235, 0.994645, -0.103297, 0.4, -0.189658, 0.102034, 0.976534, -0.0, 0.0, 0.0, 0.0, 1.0],
                [0.979195, 0.014566, 0.202399, -0.0, 0.003345, 0.996126, -0.087872, 0.4, -0.202895, 0.08672, 0.975353, -0.0, 0.0, 0.0, 0.0, 1.0],
                [0.976569, 0.012642, 0.214836, -0.0, 0.00326, 0.99729, -0.073501, 0.4, -0.215183, 0.072479, 0.973881, -0.0, 0.0, 0.0, 0.0, 1.0],
                [0.974011, 0.010708, 0.226246, 0.0, 0.003021, 0.998179, -0.060247, 0.4, -0.226479, 0.059364, 0.972205, -0.0, 0.0, 0.0, 0.0, 1.0],
                [0.971568, 0.008813, 0.236595, -0.0, 0.002669, 0.998836, -0.048164, 0.4, -0.236744, 0.047426, 0.970414, -0.0, 0.0, 0.0, 0.0, 1.0],
                [0.969282, 0.007002, 0.245854, -0.0, 0.002244, 0.999301, -0.037309, 0.4, -0.245943, 0.036714, 0.968589, -0.0, 0.0, 0.0, 0.0, 1.0],
                [0.967192, 0.00532, 0.253989, -0.0, 0.001784, 0.999614, -0.027732, 0.4, -0.254039, 0.027275, 0.966809, 0.0, 0.0, 0.0, 0.0, 1.0],
                [0.965339, 0.003807, 0.260971, -0.0, 0.001324, 0.999809, -0.019484, 0.4, -0.260996, 0.019155, 0.96515, -0.0, 0.0, 0.0, 0.0, 1.0],
                [0.963758, 0.002503, 0.266768, 0.0, 0.000895, 0.99992, -0.012618, 0.4, -0.266778, 0.012399, 0.963678, 0.0, 0.0, 0.0, 0.0, 1.0],
                [0.962481, 0.001442, 0.271346, -0.0, 0.000527, 0.999974, -0.007182, 0.4, -0.271349, 0.007056, 0.962455, 0.0, 0.0, 0.0, 0.0, 1.0],
                [0.961539, 0.000654, 0.274669, 0.0, 0.000243, 0.999995, -0.003231, 0.4, -0.274669, 0.003173, 0.961534, 0.0, 0.0, 0.0, 0.0, 1.0],
                [0.960958, 0.000166, 0.276695, 0.0, 6.2e-05, 1.0, -0.000818, 0.4, -0.276696, 0.000803, 0.960957, -0.0, 0.0, 0.0, 0.0, 1.0],
                [0.96076, 0.0, 0.277382, -0.0, 0.0, 1.0, 0.0, 0.4, -0.277382, 0.0, 0.96076, 0.0, 0.0, 0.0, 0.0, 1.0]
            ]
        },
        {
            "name": "Shoulder_R",
            "time": [0.0, 0.3333, 0.9667, 1.0667, 1.1667, 1.5, 1.9, 1.9167, 1.9333, 1.95, 1.9667, 1.9833, 2.0, 2.0167, 2.0333, 2.05, 2.0667, 2.0833, 2.1, 2.1167, 2.1333, 2.15, 2.1667, 2.1833, 2.2, 2.2167, 2.2333, 2.25, 2.2667, 2.2833],
            "transform": [
                [0.22413, 0.912236, 0.342916, 0.0, -0.017171, -0.348116, 0.937294, 0.4, 0.974408, -0.215964, -0.06236, -0.0, 0.0, 0.0, 0.0, 1.0],
                [0.441381, 0.702076, 0.558813, 0.0, -0.266293, -0.492217, 0.82874, 0.4, 0.856896, -0.514598, -0.030298, -0.0, 0.0, 0.0, 0.0, 1.0],
                [0.445096, 0.696054, 0.563381, 0.0, -0.272217, -0.494192, 0.825635, 0.4, 0.853105, -0.520848, -0.030485, -0.0, 0.0, 0.0, 0.0, 1.0],
