{
    "animation": [
        {
            "name": "Root",
            "time": [0.0, 0.1333, 0.2, 0.3333, 0.4667, 0.55, 0.6667],
            "transform": [
                [1.0, 0.0, 0.0, -5e-06, 0.0, 0.0, -1.0, 0.000946, 0.0, 1.0, 0.0, 0.757472, 0.0, 0.0, 0.0, 1.0],
                [1.0, 0.0, 0.0, -5e-06, 0.0, 0.0, -1.0, 0.000946, 0.0, 1.0, 0.0, 0.528932, 0.0, 0.0, 0.0, 1.0],
                [1.0, 0.0, 0.0, -5e-06, 0.0, 0.0, -1.0, 0.000946, 0.0, 1.0, 0.0, 0.705213, 0.0, 0.0, 0.0, 1.0],
                [1.0, 0.0, 0.0, -5e-06, 0.0, 0.0, -1.0, 0.000946, 0.0, 1.0, 0.0, 0.757472, 0.0, 0.0, 0.0, 1.0],
                [1.0, 0.0, 0.0, -5e-06, 0.0, 0.0, -1.0, 0.000946, 0.0, 1.0, 0.0, 0.533269, 0.0, 0.0, 0.0, 1.0],
                [1.0, 0.0, 0.0, -5e-06, 0.0, 0.0, -1.0, 0.000946, 0.0, 1.0, 0.0, 0.695273, 0.0, 0.0, 0.0, 1.0],
                [1.0, 0.0, 0.0, -5e-06, 0.0, 0.0, -1.0, 0.000946, 0.0, 1.0, 0.0, 0.757472, 0.0, 0.0, 0.0, 1.0]
            ]
        },
        {
            "name": "Thigh_R",
            "time": [0.0, 0.05, 0.1333, 0.3333, 0.3833, 0.4667, 0.6667],
            "transform": [
                [0.996034, -0.027016, 0.084777, 0.104721, 0.063374, -0.453389, -0.889057, -0.002831, 0.062456, 0.890903, -0.449878, 0.054304, 0.0, 0.0, 0.0, 1.0],
                [0.996034, -0.027016, 0.084777, 0.104721, 0.063374, -0.453389, -0.889057, -0.002831, 0.062456, 0.890903, -0.449878, 0.054304, 0.0, 0.0, 0.0, 1.0],
                [0.974572, 0.106091, 0.197369, 0.106219, 0.216535, -0.67247, -0.70774, 0.023437, 0.05764, 0.732481, -0.678343, 0.050811, 0.0, 0.0, 0.0, 1.0],
                [0.996637, 0.080699, 0.014233, 0.111901, 0.040015, -0.630846, 0.774875, 0.123074, 0.07151, -0.771699, -0.631954, 0.037562, 0.0, 0.0, 0.0, 1.0],
                [0.996637, 0.080699, 0.014233, 0.111901, 0.046393, -0.698844, 0.713767, 0.123074, 0.067546, -0.710706, -0.700238, 0.037562, 0.0, 0.0, 0.0, 1.0],
                [0.974572, 0.106091, 0.197369, 0.110403, -0.012417, -0.853892, 0.520302, 0.096807, 0.223731, -0.509522, -0.830862, 0.041055, 0.0, 0.0, 0.0, 1.0],
                [0.996034, -0.027016, 0.084777, 0.104721, 0.063374, -0.453389, -0.889057, -0.002831, 0.062456, 0.890903, -0.449878, 0.054304, 0.0, 0.0, 0.0, 1.0]
            ]
        },
        {
            "name": "Leg_R",
            "time": [0.0, 0.05, 0.1333, 0.3333, 0.3833, 0.4667, 0.6667],
            "transform": [
                [0.998192, -0.056497, -0.020506, -0.0, 0.057177, 0.997776, 0.034258, 0.37472, 0.018525, -0.035369, 0.999203, -0.0, 0.0, 0.0, 0.0, 1.0],
                [0.998192, -0.056497, -0.020506, -0.0, 0.057177, 0.997776, 0.034258, 0.37472, 0.018525, -0.035369, 0.999203, 0.0, 0.0, 0.0, 0.0, 1.0],
                [0.952216, -0.037214, -0.303149, -0.0, 0.073946, 0.99111, 0.110601, 0.37472, 0.296338, -0.127733, 0.946503, -0.0, 0.0, 0.0, 0.0, 1.0],
                [0.99973, 0.020735, -0.01049, 0.0, 0.006387, 0.18884, 0.981987, 0.37472, 0.022342, -0.981789, 0.188656, 0.0, 0.0, 0.0, 0.0, 1.0],
                [0.999971, -0.004761, -0.006023, 0.0, 0.007576, 0.484814, 0.874585, 0.37472, -0.001244, -0.874605, 0.484836, 0.0, 0.0, 0.0, 0.0, 1.0],
                [0.946246, 0.189057, -0.262444, -0.0, 0.179412, 0.368341, 0.912215, 0.37472, 0.26913, -0.910265, 0.314622, 0.0, 0.0, 0.0, 0.0, 1.0],
                [0.998192, -0.056497, -0.020506, -0.0, 0.057177, 0.997776, 0.034258, 0.37472, 0.018525, -0.035369, 0.999203, -0.0, 0.0, 0.0, 0.0, 1.0]
            ]
        },
        {
            "name": "Knee_R",
            "time": [0.0, 0.05, 0.3333, 0.3833, 0.6667],
            "transform": [
                [1.0, 0.0, -0.0, -0.0, -0.0, 1e-06, -1.0, 0.37472, -0.0, 1.0, 1e-06, -0.0, 0.0, 0.0, 0.0, 1.0],
                [1.0, 0.0, -0.0, -0.0, -0.0, 1e-06, -1.0, 0.37472, -0.0, 1.0, 1e-06, 0.0, 0.0, 0.0, 0.0, 1.0],
                [1.0, 0.0, -0.0, 0.0, -0.0, 1e-06, -1.0, 0.37472, -0.0, 1.0, 1e-06, 0.0, 0.0, 0.0, 0.0, 1.0],
                [1.0, 0.0, -0.0, 0.0, -0.0, 1e-06, -1.0, 0.37472, -0.0, 1.0, 1e-06, 0.0, 0.0, 0.0, 0.0, 1.0],
                [1.0, 0.0, -0.0, -0.0, -0.0, 1e-06, -1.0, 0.37472, -0.0, 1.0, 1e-06, -0.0, 0.0, 0.0, 0.0, 1.0]
            ]
        },
        {
            "name": "Thigh_L",
            "time": [0.0, 0.05, 0.1333, 0.3333, 0.3833, 0.4667, 0.6667],
            "transform": [
                [0.999202, -0.038763, 0.009592, -0.111913, -0.03425, -0.708434, 0.704945, 0.119322, -0.020531, -0.704711, -0.709197, 0.037562, 0.0, 0.0, 0.0, 1.0],
                [0.999202, -0.038763, 0.009592, -0.111913, -0.03425, -0.708434, 0.704945, 0.119322, -0.020531, -0.704711, -0.709197, 0.037562, 0.0, 0.0, 0.0, 1.0],
                [0.97895, -0.096096, -0.180062, -0.10726, 0.028311, -0.809763, 0.586074, 0.061778, -0.202127, -0.578835, -0.789997, 0.052383, 0.0, 0.0, 0.0, 1.0],
                [0.996034, 0.027016, -0.084777, -0.104733, -0.048122, -0.637864, -0.768644, -0.002831, -0.074842, 0.769675, -0.634034, 0.060434, 0.0, 0.0, 0.0, 1.0],
                [0.996034, 0.027016, -0.084777, -0.104733, -0.03942, -0.720197, -0.692649, -0.002831, -0.079769, 0.693244, -0.716275, 0.060434, 0.0, 0.0, 0.0, 1.0],
                [0.97895, -0.096096, -0.180063, -0.10726, -0.190746, -0.744632, -0.639639, 0.061778, -0.072614, 0.660521, -0.747287, 0.052383, 0.0, 0.0, 0.0, 1.0],
                [0.999202, -0.038763, 0.009592, -0.111913, -0.03425, -0.708434, 0.704945, 0.119322, -0.020531, -0.704711, -0.709197, 0.037562, 0.0, 0.0, 0.0, 1.0]
            ]
        },
        {
            "name": "Leg_L",
            "time": [0.0, 0.05, 0.1333, 0.3333, 0.3833, 0.4667, 0.6667],
            "transform": [
                [0.994024, -0.008377, 0.108837, 0.0, -0.108841, -1.4e-05, 0.994059, 0.37472, -0.008325, -0.999965, -0.000926, 0.0, 0.0, 0.0, 0.0, 1.0],
                [0.994024, -0.008377, 0.108837, 0.0, -0.108841, -1.4e-05, 0.994059, 0.37472, -0.008325, -0.999965, -0.000926, 0.0, 0.0, 0.0, 0.0, 1.0],
                [0.998944, -0.014426, -0.043614, 0.0, 0.043343, -0.01861, 0.998887, 0.37472, -0.015222, -0.999723, -0.017965, 0.0, 0.0, 0.0, 0.0, 1.0],
                [0.99803, -0.024204, 0.057881, 0.0, 0.022384, 0.999241, 0.031884, 0.37472, -0.058609, -0.030526, 0.997814, -0.0, 0.0, 0.0, 0.0, 1.0],
                [0.997949, -0.037259, 0.052047, 0.0, 0.026646, 0.981138, 0.191461, 0.37472, -0.058199, -0.189682, 0.980119, 0.0, 0.0, 0.0, 0.0, 1.0],
                [0.96929, 0.239295, 0.056693, -0.0, -0.244877, 0.960391, 0.132983, 0.37472, -0.022625, -0.142782, 0.989496, 0.0, 0.0, 0.0, 0.0, 1.0],
                [0.994024, -0.008377, 0.108837, 0.0, -0.108841, -1.4e-05, 0.994059, 0.37472, -0.008325, -0.999965, -0.000926, 0.0, 0.0, 0.0, 0.0, 1.0]
            ]
        },
        {
            "name": "Knee_L",
            "time": [0.0, 0.05, 0.3333, 0.3833, 0.6667],
            "transform": [
                [1.0, 0.0, -0.0, 0.0, -0.0, 1e-06, -1.0, 0.37472, -0.0, 1.0, 1e-06, 0.0, 0.0, 0.0, 0.0, 1.0],
                [1.0, 0.0, -0.0, 0.0, -0.0, 1e-06, -1.0, 0.37472, -0.0, 1.0, 1e-06, 0.0, 0.0, 0.0, 0.0, 1.0],
                [1.0, 0.0, -0.0, 0.0, -0.0, 1e-06, -1.0, 0.37472, -0.0, 1.0, 1e-06, -0.0, 0.0, 0.0, 0.0, 1.0],
                [1.0, 0.0, -0.0, 0.0, -0.0, 1e-06, -1.0, 0.37472, -0.0, 1.0, 1e-06, 0.0, 0.0, 0.0, 0.0, 1.0],
                [1.0, 0.0, -0.0, 0.0, -0.0, 1e-06, -1.0, 0.37472, -0.0, 1.0, 1e-06, 0.0, 0.0, 0.0, 0.0, 1.0]
            ]
        },
        {
            "name": "Torso",
            "time": [0.0, 0.05, 0.1333, 0.3333, 0.3833, 0.4667, 0.6667],
            "transform": [
                [0.987024, 0.039718, 0.155582, 0.0, -0.101217, 0.906081, 0.410818, 0.05, -0.124653, -0.421235, 0.898344, 0.0, 0.0, 0.0, 0.0, 1.0],
                [0.987024, 0.039718, 0.155582, 0.0, -0.100013, 0.910093, 0.402154, 0.05, -0.125622, -0.412496, 0.902256, 0.0, 0.0, 0.0, 0.0, 1.0],
                [0.996327, -0.047942, 0.070945, 0.0, 0.021735, 0.943022, 0.33202, 0.05, -0.08282, -0.329258, 0.940601, 0.0, 0.0, 0.0, 0.0, 1.0],
                [0.963853, -0.059575, -0.259688, 0.0, 0.152559, 0.922484, 0.354611, 0.05, 0.218432, -0.381411, 0.898228, 0.0, 0.0, 0.0, 0.0, 1.0],
                [0.963853, -0.059575, -0.259688, 0.0, 0.152559, 0.922484, 0.354611, 0.05, 0.218432, -0.381411, 0.898228, 0.0, 0.0, 0.0, 0.0, 1.0],
                [0.996327, -0.047942, 0.070945, 0.0, 0.007936, 0.87669, 0.48099, 0.05, -0.085257, -0.47866, 0.873851, 0.0, 0.0, 0.0, 0.0, 1.0],
                [0.987024, 0.039718, 0.155582, 0.0, -0.101217, 0.906081, 0.410818, 0.05, -0.124653, -0.421235, 0.898344, 0.0, 0.0, 0.0, 0.0, 1.0]
            ]
        },
        {
            "name": "Chest",
            "time": [0.0, 0.05, 0.1333, 0.3333, 0.3833, 0.4667, 0.6667],
            "transform": [
                [0.9986, -0.035311, -0.039395, -0.0, 0.036855, 0.998553, 0.039168, 0.3, 0.037955, -0.040565, 0.998456, -0.0, 0.0, 0.0, 0.0, 1.0],
                [0.998546, -0.03723, -0.038972, 0.0, 0.038298, 0.998901, 0.027025, 0.3, 0.037923, -0.028478, 0.998875, 0.0, 0.0, 0.0, 0.0, 1.0],
                [0.969284, 0.049045, -0.241004, -0.0, -0.002907, 0.982132, 0.188172, 0.3, 0.245927, -0.181691, 0.952107, 0.0, 0.0, 0.0, 0.0, 1.0],
                [0.99781, 0.000967, 0.066143, 0.0, -0.012573, 0.984439, 0.175275, 0.3, -0.064944, -0.175723, 0.982295, 0.0, 0.0, 0.0, 0.0, 1.0],
                [0.997813, 0.002995, 0.066037, 0.0, -0.014072, 0.9857, 0.167924, 0.3, -0.064589, -0.168486, 0.983586, 0.0, 0.0, 0.0, 0.0, 1.0],
                [0.995428, 0.014616, -0.094394, -0.0, 0.001678, 0.985396, 0.170272, 0.3, 0.095504, -0.169652, 0.980866, 0.0, 0.0, 0.0, 0.0, 1.0],
                [0.9986, -0.035311, -0.039395, -0.0, 0.036855, 0.998553, 0.039168, 0.3, 0.037955, -0.040565, 0.998456, -0.0, 0.0, 0.0, 0.0, 1.0]
            ]
        },
        {
            "name": "Head",
            "time": [0.0, 0.05, 0.1333, 0.3333, 0.3833, 0.4667, 0.6667],
            "transform": [
                [0.989837, -0.04885, -0.133556, -0.0, -0.018479, 0.887002, -0.461395, 0.4, 0.141003, 0.459174, 0.877085, -0.0, 0.0, 0.0, 0.0, 1.0],
                [0.989837, -0.04885, -0.133556, 0.0, -0.018479, 0.887002, -0.461395, 0.4, 0.141003, 0.459174, 0.877085, -0.0, 0.0, 0.0, 0.0, 1.0],
                [0.977522, 0.06589, 0.200274, 0.0, 0.039694, 0.875409, -0.481751, 0.4, -0.207065, 0.478872, 0.853115, 0.0, 0.0, 0.0, 0.0, 1.0],
                [0.976515, 0.11334, 0.183228, -0.0, 0.005209, 0.837775, -0.545991, 0.4, -0.215387, 0.534122, 0.817509, 0.0, 0.0, 0.0, 0.0, 1.0],
                [0.976515, 0.11334, 0.183228, 0.0, 0.005209, 0.837775, -0.545991, 0.4, -0.215387, 0.534122, 0.817509, 0.0, 0.0, 0.0, 0.0, 1.0],
                [0.999751, 0.003257, 0.022066, 0.0, 0.010869, 0.79276, -0.609438, 0.4, -0.019478, 0.609526, 0.792527, 0.0, 0.0, 0.0, 0.0, 1.0],
                [0.989837, -0.04885, -0.133556, -0.0, -0.018479, 0.887002, -0.461395, 0.4, 0.141003, 0.459174, 0.877085, -0.0, 0.0, 0.0, 0.0, 1.0]
            ]
        },
        {
            "name": "Shoulder_R",
            "time": [0.0, 0.05, 0.3333, 0.3833, 0.6667],
            "transform": [
                [0.0, 0.952114, 0.305743, -0.0, 0.0, -0.305743, 0.952114, 0.4, 1.0, 0.0, -0.0, -0.0, 0.0, 0.0, 0.0, 1.0],
                [0.0, 0.952114, 0.305743, 0.0, 0.0, -0.305743, 0.952114, 0.4, 1.0, -0.0, 0.0, -0.0, 0.0, 0.0, 0.0, 1.0],
                [0.0, 0.952114, 0.305743, -0.0, -0.0, -0.305743, 0.952114, 0.4, 1.0, -0.0, 0.0, 0.0, 0.0, 0.0, 0.0, 1.0],
                [0.0, 0.952114, 0.305743, 0.0, -0.0, -0.305743, 0.952114, 0.4, 1.0, 0.0, -0.0, 0.0, 0.0, 0.0, 0.0, 1.0],
                [0.0, 0.952114, 0.305743, -0.0, 0.0, -0.305743, 0.952114, 0.4, 1.0, 0.0, -0.0, -0.0, 0.0, 0.0, 0.0, 1.0]
            ]
        },
        {
            "name": "Arm_R",
            "time": [0.0, 0.05, 0.3333, 0.3833, 0.6667],
            "transform": [
                [0.11326, 0.181719, -0.976806, -0.0, 0.923072, 0.344468, 0.171113, 0.393861, 0.367573, -0.921043, -0.128726, 0.0, 0.0, 0.0, 0.0, 1.0],
                [0.11326, 0.181719, -0.976806, -0.0, 0.923072, 0.344468, 0.171113, 0.393861, 0.367572, -0.921043, -0.128726, 0.0, 0.0, 0.0, 0.0, 1.0],
                [-0.423272, 0.067521, -0.903483, 0.0, 0.821616, 0.448872, -0.351372, 0.393861, 0.381823, -0.891042, -0.245471, -0.0, 0.0, 0.0, 0.0, 1.0],
                [-0.423272, 0.067521, -0.903483, 0.0, 0.821616, 0.448872, -0.351372, 0.39386, 0.381823, -0.891041, -0.245471, 0.0, 0.0, 0.0, 0.0, 1.0],
                [0.11326, 0.181719, -0.976806, -0.0, 0.923072, 0.344468, 0.171113, 0.393861, 0.367573, -0.921043, -0.128726, 0.0, 0.0, 0.0, 0.0, 1.0]
            ]
        },
        {
            "name": "Hand_R",
            "time": [0.0, 0.05, 0.1333, 0.3333, 0.3833, 0.4667, 0.6667],
            "transform": [
                [0.996939, -0.063205, -0.046009, 0.0, 0.0242, 0.809117, -0.587149, 0.3, 0.074337, 0.584238, 0.808171, 0.0, 0.0, 0.0, 0.0, 1.0],
                [0.996939, -0.063205, -0.046009, 0.0, 0.0242, 0.809117, -0.587149, 0.3, 0.074337, 0.584238, 0.80817, 0.0, 0.0, 0.0, 0.0, 1.0],
                [0.989536, -0.031972, -0.1407, 0.0, -0.059356, 0.798608, -0.598917, 0.3, 0.131513, 0.601001, 0.788354, -0.0, 0.0, 0.0, 0.0, 1.0],
                [0.972877, 0.053432, 0.225068, -0.0, 0.072649, 0.853154, -0.516575, 0.3, -0.219619, 0.518915, 0.826132, 0.0, 0.0, 0.0, 0.0, 1.0],
                [0.987107, 0.031522, 0.15693, -0.0, 0.050263, 0.86978, -0.490873, 0.3, -0.151968, 0.492432, 0.856981, -0.0, 0.0, 0.0, 0.0, 1.0],
                [0.959387, 0.033582, 0.280089, 0.0, 0.114101, 0.861847, -0.494167, 0.3, -0.257989, 0.506055, 0.823013, -0.0, 0.0, 0.0, 0.0, 1.0],
                [0.996939, -0.063205, -0.046009, 0.0, 0.0242, 0.809117, -0.587149, 0.3, 0.074337, 0.584238, 0.808171, 0.0, 0.0, 0.0, 0.0, 1.0]
            ]
        },
        {
            "name": "Tool_R",
            "time": [0.0, 0.05, 0.3333, 0.3833, 0.6667],
            "transform": [
                [-0.991074, 0.006984, 0.133128, 0.048541, -0.060538, -0.913301, -0.402762, 0.060083, 0.118702, -0.406995, 0.905031, 0.273054, 0.0, 0.0, 0.0, 1.0],
                [-0.991074, 0.006984, 0.133128, 0.048541, -0.060538, -0.913301, -0.402762, 0.060083, 0.118702, -0.406995, 0.905031, 0.273054, 0.0, 0.0, 0.0, 1.0],
                [-0.991074, 0.006984, 0.133128, 0.048541, -0.060538, -0.913301, -0.402762, 0.060083, 0.118702, -0.406995, 0.905031, 0.273054, 0.0, 0.0, 0.0, 1.0],
                [-0.991074, 0.006984, 0.133128, 0.048541, -0.060538, -0.913301, -0.402762, 0.060083, 0.118702, -0.406995, 0.905031, 0.273054, 0.0, 0.0, 0.0, 1.0],
                [-0.991074, 0.006984, 0.133128, 0.048541, -0.060538, -0.913301, -0.402762, 0.060083, 0.118702, -0.406995, 0.905031, 0.273054, 0.0, 0.0, 0.0, 1.0]
            ]
        },
        {
            "name": "Elbow_R",
            "time": [0.0, 0.05, 0.3333, 0.3833, 0.6667],
            "transform": [
                [-1.0, 0.0, -0.0, 0.0, 0.0, -0.0, -1.0, 0.3, -0.0, -1.0, 0.0, 0.0, 0.0, 0.0, 0.0, 1.0],
                [-1.0, 0.0, -0.0, 0.0, 0.0, -0.0, -1.0, 0.3, -0.0, -1.0, 0.0, 0.0, 0.0, 0.0, 0.0, 1.0],
                [-1.0, 0.0, -0.0, -0.0, 0.0, 0.0, -1.0, 0.3, -0.0, -1.0, 0.0, 0.0, 0.0, 0.0, 0.0, 1.0],
                [-1.0, 0.0, -0.0, -0.0, 0.0, -0.0, -1.0, 0.3, -0.0, -1.0, 0.0, -0.0, 0.0, 0.0, 0.0, 1.0],
                [-1.0, 0.0, -0.0, 0.0, 0.0, -0.0, -1.0, 0.3, -0.0, -1.0, 0.0, 0.0, 0.0, 0.0, 0.0, 1.0]
            ]
        },
        {
            "name": "Shoulder_L",
            "time": [0.0, 0.05, 0.3333, 0.3833, 0.6667],
            "transform": [
                [-0.0, -0.952114, -0.305743, -0.0, 0.0, -0.305743, 0.952114, 0.4, -1.0, 0.0, 0.0, -0.0, 0.0, 0.0, 0.0, 1.0],
                [-0.0, -0.952114, -0.305743, 0.0, 0.0, -0.305743, 0.952114, 0.4, -1.0, 0.0, 0.0, -0.0, 0.0, 0.0, 0.0, 1.0],
                [-0.0, -0.952114, -0.305743, -0.0, 0.0, -0.305743, 0.952114, 0.4, -1.0, -0.0, 0.0, 0.0, 0.0, 0.0, 0.0, 1.0],
                [-0.0, -0.952114, -0.305743, 0.0, 0.0, -0.305743, 0.952114, 0.4, -1.0, 0.0, 0.0, 0.0, 0.0, 0.0, 0.0, 1.0],
                [-0.0, -0.952114, -0.305743, -0.0, 0.0, -0.305743, 0.952114, 0.4, -1.0, 0.0, 0.0, -0.0, 0.0, 0.0, 0.0, 1.0]
            ]
        },
        {
            "name": "Arm_L",
            "time": [0.0, 0.05, 0.3333, 0.3833, 0.6667],
            "transform": [
                [-0.182511, -0.237301, 0.954137, -0.0, -0.86538, 0.499409, -0.041326, 0.39386, -0.466698, -0.833234, -0.296503, -0.0, 0.0, 0.0, 0.0, 1.0],
                [-0.182511, -0.237301, 0.954137, 0.0, -0.86538, 0.499409, -0.041326, 0.39386, -0.466698, -0.833234, -0.296503, 0.0, 0.0, 0.0, 0.0, 1.0],
                [0.315758, 0.871881, 0.374328, 0.0, -0.757028, 0.469328, -0.454577, 0.39386, -0.572019, -0.13984, 0.808232, -0.0, 0.0, 0.0, 0.0, 1.0],
                [0.315758, 0.87188, 0.374328, 0.0, -0.757028, 0.469328, -0.454577, 0.39386, -0.572019, -0.13984, 0.808232, -0.0, 0.0, 0.0, 0.0, 1.0],
                [-0.182511, -0.237301, 0.954137, -0.0, -0.86538, 0.499409, -0.041326, 0.39386, -0.466698, -0.833234, -0.296503, -0.0, 0.0, 0.0, 0.0, 1.0]
            ]
        },
        {
            "name": "Hand_L",
            "time": [0.0, 0.05, 0.3333, 0.3833, 0.6667],
            "transform": [
                [0.965666, 0.225507, -0.128979, -0.0, -0.246177, 0.635741, -0.731595, 0.3, -0.082982, 0.738228, 0.669428, -0.0, 0.0, 0.0, 0.0, 1.0],
                [0.965666, 0.225507, -0.128979, 0.0, -0.246177, 0.635741, -0.731595, 0.3, -0.082982, 0.738228, 0.669428, -0.0, 0.0, 0.0, 0.0, 1.0],
                [0.967568, -0.117744, -0.223492, -0.0, -0.137652, 0.496085, -0.857293, 0.3, 0.211812, 0.860253, 0.463789, -0.0, 0.0, 0.0, 0.0, 1.0],
                [0.967568, -0.117744, -0.223492, 0.0, -0.137652, 0.496085, -0.857293, 0.3, 0.211812, 0.860253, 0.463789, -0.0, 0.0, 0.0, 0.0, 1.0],
                [0.965666, 0.225507, -0.128979, -0.0, -0.246177, 0.635741, -0.731595, 0.3, -0.082982, 0.738228, 0.669428, -0.0, 0.0, 0.0, 0.0, 1.0]
            ]
        },
        {
            "name": "Tool_L",
            "time": [0.0, 0.05, 0.3333, 0.3833, 0.6667],
            "transform": [
                [-0.997504, -0.068768, 0.016058, 0.004909, 0.034407, -0.671861, -0.739878, 0.078917, 0.06169, -0.737735, 0.672793, 0.184419, 0.0, 0.0, 0.0, 1.0],
                [-0.997504, -0.068768, 0.016058, 0.004908, 0.034407, -0.671861, -0.739878, 0.078917, 0.06169, -0.737735, 0.672793, 0.184419, 0.0, 0.0, 0.0, 1.0],
                [-0.995762, -0.016593, -0.090462, -0.02886, 0.017292, -0.999826, -0.006955, 0.242378, -0.090363, -0.008487, 0.996229, 0.264767, 0.0, 0.0, 0.0, 1.0],
                [-0.995762, -0.016593, -0.090462, -0.02886, 0.017292, -0.999826, -0.006956, 0.242378, -0.090363, -0.008487, 0.996229, 0.264767, 0.0, 0.0, 0.0, 1.0],
                [-0.997504, -0.068768, 0.016058, 0.004909, 0.034407, -0.671861, -0.739878, 0.078917, 0.06169, -0.737735, 0.672793, 0.184419, 0.0, 0.0, 0.0, 1.0]
            ]
        },
        {
            "name": "Elbow_L",
            "time": [0.0, 0.05, 0.3333, 0.3833, 0.6667],
            "transform": [
                [-1.0, 0.0, -0.0, -0.0, 0.0, -0.0, -1.0, 0.3, -0.0, -1.0, -0.0, -0.0, 0.0, 0.0, 0.0, 1.0],
                [-1.0, 0.0, -0.0, 0.0, 0.0, -0.0, -1.0, 0.3, -0.0, -1.0, -0.0, -0.0, 0.0, 0.0, 0.0, 1.0],
                [-1.0, 0.0, -0.0, -0.0, 0.0, -0.0, -1.0, 0.3, -0.0, -1.0, -0.0, -0.0, 0.0, 0.0, 0.0, 1.0],
                [-1.0, 0.0, -0.0, 0.0, 0.0, -0.0, -1.0, 0.3, -0.0, -1.0, -0.0, -0.0, 0.0, 0.0, 0.0, 1.0],
                [-1.0, 0.0, -0.0, -0.0, 0.0, -0.0, -1.0, 0.3, -0.0, -1.0, -0.0, -0.0, 0.0, 0.0, 0.0, 1.0]
            ]
        }
    ]
}