{
    "animation": [
        {
            "name": "Root",
            "time": [0.0, 0.3333, 0.5, 0.6667, 0.7167, 0.8333, 1.0833, 1.3333, 1.4167, 1.5, 1.75, 1.8333, 1.9167, 2.0333, 2.1833, 2.2167, 2.3833, 2.5667, 2.8833],
            "transform": [
                [0.944309, 0.0, -0.32906, -5e-06, -0.32906, 0.0, -0.944309, 0.000946, 0.0, 1.0, 0.0, 0.72957, 0.0, 0.0, 0.0, 1.0],
                [0.944309, 0.0, -0.32906, -5e-06, -0.32906, 0.0, -0.944309, 0.000946, 0.0, 1.0, 0.0, 0.72957, 0.0, 0.0, 0.0, 1.0],
                [0.944309, 0.0, -0.32906, -5e-06, -0.32906, 0.0, -0.944309, 0.000946, 0.0, 1.0, 0.0, 0.72957, 0.0, 0.0, 0.0, 1.0],
                [0.944309, 0.0, -0.32906, -5e-06, -0.32906, 0.0, -0.944309, 0.000946, 0.0, 1.0, 0.0, 0.72957, 0.0, 0.0, 0.0, 1.0],
                [0.944309, 0.0, -0.32906, -5e-06, -0.32906, 0.0, -0.944309, 0.000946, 0.0, 1.0, 0.0, 0.72957, 0.0, 0.0, 0.0, 1.0],
                [0.944309, 0.0, -0.32906, -5e-06, -0.32906, 0.0, -0.944309, 0.000946, 0.0, 1.0, 0.0, 0.72957, 0.0, 0.0, 0.0, 1.0],
                [0.944309, 0.0, -0.32906, -5e-06, -0.32906, 0.0, -0.944309, 0.000946, 0.0, 1.0, 0.0, 0.72957, 0.0, 0.0, 0.0, 1.0],
                [0.944309, 0.0, -0.32906, -5e-06, -0.32906, 0.0, -0.944309, 0.000946, 0.0, 1.0, 0.0, 0.72957, 0.0, 0.0, 0.0, 1.0],
                [0.944309, 0.0, -0.32906, -5e-06, -0.32906, 0.0, -0.944309, 0.000946, 0.0, 1.0, 0.0, 0.72957, 0.0, 0.0, 0.0, 1.0],
                [0.944309, 0.0, -0.32906, -5e-06, -0.32906, 0.0, -0.944309, 0.000946, 0.0, 1.0, 0.0, 0.72957, 0.0, 0.0, 0.0, 1.0],
                [0.944309, 0.0, -0.32906, -5e-06, -0.32906, 0.0, -0.944309, 0.000946, 0.0, 1.0, 0.0, 0.72957, 0.0, 0.0, 0.0, 1.0],
                [0.944309, 0.0, -0.32906, -5e-06, -0.32906, 0.0, -0.944309, 0.000946, 0.0, 1.0, 0.0, 0.72957, 0.0, 0.0, 0.0, 1.0],
                [0.944309, 0.0, -0.32906, -5e-06, -0.32906, 0.0, -0.944309, 0.000946, 0.0, 1.0, 0.0, 0.72957, 0.0, 0.0, 0.0, 1.0],
                [0.944309, 0.0, -0.32906, -5e-06, -0.32906, 0.0, -0.944309, 0.000946, 0.0, 1.0, 0.0, 0.72957, 0.0, 0.0, 0.0, 1.0],
                [0.944309, 0.0, -0.32906, -5e-06, -0.32906, 0.0, -0.944309, 0.000946, 0.0, 1.0, 0.0, 0.72957, 0.0, 0.0, 0.0, 1.0],
                [0.944309, 0.0, -0.32906, -5e-06, -0.32906, 0.0, -0.944309, 0.000946, 0.0, 1.0, 0.0, 0.72957, 0.0, 0.0, 0.0, 1.0],
                [0.944309, 0.0, -0.32906, -5e-06, -0.32906, 0.0, -0.944309, 0.000946, 0.0, 1.0, 0.0, 0.72957, 0.0, 0.0, 0.0, 1.0],
                [0.944309, 0.0, -0.32906, -5e-06, -0.32906, 0.0, -0.944309, 0.000946, 0.0, 1.0, 0.0, 0.72957, 0.0, 0.0, 0.0, 1.0],
                [0.944309, 0.0, -0.32906, -5e-06, -0.32906, 0.0, -0.944309, 0.000946, 0.0, 1.0, 0.0, 0.72957, 0.0, 0.0, 0.0, 1.0]
            ]
        },
        {
            "name": "Thigh_R",
            "time": [0.0, 0.3333, 0.5, 0.6667, 0.7167, 0.8333, 1.0833, 1.3333, 1.4167, 1.5, 1.75, 1.8333, 1.9167, 2.0333, 2.1833, 2.2167, 2.3833, 2.5667, 2.8833],
            "transform": [
                [0.975823, 0.099712, 0.194492, 0.104721, 0.098752, -0.995004, 0.014653, -0.002831, 0.194981, 0.004907, -0.980795, 0.007053, 0.0, 0.0, 0.0, 1.0],
                [0.975823, 0.099712, 0.194492, 0.104721, 0.098752, -0.995004, 0.014653, -0.002831, 0.194981, 0.004907, -0.980795, 0.007053, 0.0, 0.0, 0.0, 1.0],
                [0.975823, 0.099712, 0.194492, 0.104721, 0.098752, -0.995004, 0.014653, -0.002831, 0.194981, 0.004907, -0.980795, 0.007053, 0.0, 0.0, 0.0, 1.0],
                [0.975823, 0.099712, 0.194492, 0.104721, 0.098752, -0.995004, 0.014653, -0.002831, 0.194981, 0.004907, -0.980795, 0.007053, 0.0, 0.0, 0.0, 1.0],
                [0.975823, 0.099712, 0.194492, 0.104721, 0.098752, -0.995004, 0.014653, -0.002831, 0.194981, 0.004907, -0.980795, 0.007053, 0.0, 0.0, 0.0, 1.0],
                [0.975823, 0.099712, 0.194492, 0.104721, 0.098752, -0.995004, 0.014653, -0.002831, 0.194981, 0.004907, -0.980795, 0.007053, 0.0, 0.0, 0.0, 1.0],
                [0.975823, 0.099712, 0.194492, 0.104721, 0.098752, -0.995004, 0.014653, -0.002831, 0.194981, 0.004907, -0.980795, 0.007053, 0.0, 0.0, 0.0, 1.0],
                [0.975823, 0.099712, 0.194492, 0.104721, 0.098752, -0.995004, 0.014653, -0.002831, 0.194981, 0.004907, -0.980795, 0.007053, 0.0, 0.0, 0.0, 1.0],
                [0.975823, 0.099712, 0.194492, 0.104721, 0.098752, -0.995004, 0.014653, -0.002831, 0.194981, 0.004907, -0.980795, 0.007053, 0.0, 0.0, 0.0, 1.0],
                [0.975823, 0.099712, 0.194492, 0.104721, 0.098752, -0.995004, 0.014653, -0.002831, 0.194981, 0.004907, -0.980795, 0.007053, 0.0, 0.0, 0.0, 1.0],
                [0.975823, 0.099712, 0.194492, 0.104721, 0.098752, -0.995004, 0.014653, -0.002831, 0.194981, 0.004907, -0.980795, 0.007053, 0.0, 0.0, 0.0, 1.0],
                [0.975823, 0.099712, 0.194492, 0.104721, 0.098752, -0.995004, 0.014653, -0.002831, 0.194981, 0.004907, -0.980795, 0.007053, 0.0, 0.0, 0.0, 1.0],
                [0.975823, 0.099712, 0.194492, 0.104721, 0.098752, -0.995004, 0.014653, -0.002831, 0.194981, 0.004907, -0.980795, 0.007053, 0.0, 0.0, 0.0, 1.0],
                [0.975823, 0.099712, 0.194492, 0.104721, 0.098752, -0.995004, 0.014653, -0.002831, 0.194981, 0.004907, -0.980795, 0.007053, 0.0, 0.0, 0.0, 1.0],
                [0.975823, 0.099712, 0.194492, 0.104721, 0.098752, -0.995004, 0.014653, -0.002831, 0.194981, 0.004907, -0.980795, 0.007053, 0.0, 0.0, 0.0, 1.0],
                [0.975823, 0.099712, 0.194492, 0.104721, 0.098752, -0.995004, 0.014653, -0.002831, 0.194981, 0.004907, -0.980795, 0.007053, 0.0, 0.0, 0.0, 1.0],
                [0.975823, 0.099712, 0.194492, 0.104721, 0.098752, -0.995004, 0.014653, -0.002831, 0.194981, 0.004907, -0.980795, 0.007053, 0.0, 0.0, 0.0, 1.0],
                [0.975823, 0.099712, 0.194492, 0.104721, 0.098752, -0.995004, 0.014653, -0.002831, 0.194981, 0.004907, -0.980795, 0.007053, 0.0, 0.0, 0.0, 1.0],
                [0.975823, 0.099712, 0.194492, 0.104721, 0.098752, -0.995004, 0.014653, -0.002831, 0.194981, 0.004907, -0.980795, 0.007053, 0.0, 0.0, 0.0, 1.0]
            ]
        },
        {
            "name": "Leg_R",
            "time": [0.0, 0.3333, 0.5, 0.6667, 0.7167, 0.8333, 1.0833, 1.3333, 1.4167, 1.5, 1.75, 1.8333, 1.9167, 2.0333, 2.1833, 2.2167, 2.3833, 2.5667, 2.8833],
            "transform": [
                [0.999719, -0.023657, -0.001445, 0.0, 0.02313, 0.960496, 0.277332, 0.37472, -0.005173, -0.277288, 0.960773, 0.0, 0.0, 0.0, 0.0, 1.0],
                [0.999719, -0.023657, -0.001445, 0.0, 0.02313, 0.960496, 0.277332, 0.37472, -0.005173, -0.277288, 0.960773, 0.0, 0.0, 0.0, 0.0, 1.0],
                [0.999719, -0.023657, -0.001445, 0.0, 0.02313, 0.960496, 0.277332, 0.37472, -0.005173, -0.277288, 0.960773, 0.0, 0.0, 0.0, 0.0, 1.0],
                [0.999719, -0.023657, -0.001445, 0.0, 0.02313, 0.960496, 0.277332, 0.37472, -0.005173, -0.277288, 0.960773, 0.0, 0.0, 0.0, 0.0, 1.0],
                [0.999719, -0.023657, -0.001445, 0.0, 0.02313, 0.960496, 0.277332, 0.37472, -0.005173, -0.277288, 0.960773, 0.0, 0.0, 0.0, 0.0, 1.0],
                [0.999719, -0.023657, -0.001445, 0.0, 0.02313, 0.960496, 0.277332, 0.37472, -0.005173, -0.277288, 0.960773, 0.0, 0.0, 0.0, 0.0, 1.0],
                [0.999719, -0.023657, -0.001445, 0.0, 0.02313, 0.960496, 0.277332, 0.37472, -0.005173, -0.277288, 0.960773, 0.0, 0.0, 0.0, 0.0, 1.0],
                [0.999719, -0.023657, -0.001445, 0.0, 0.02313, 0.960496, 0.277332, 0.37472, -0.005173, -0.277288, 0.960773, 0.0, 0.0, 0.0, 0.0, 1.0],
                [0.999719, -0.023657, -0.001445, 0.0, 0.02313, 0.960496, 0.277332, 0.37472, -0.005173, -0.277288, 0.960773, 0.0, 0.0, 0.0, 0.0, 1.0],
                [0.999719, -0.023657, -0.001445, 0.0, 0.02313, 0.960496, 0.277332, 0.37472, -0.005173, -0.277288, 0.960773, 0.0, 0.0, 0.0, 0.0, 1.0],
                [0.999719, -0.023657, -0.001445, 0.0, 0.02313, 0.960496, 0.277332, 0.37472, -0.005173, -0.277288, 0.960773, 0.0, 0.0, 0.0, 0.0, 1.0],
                [0.999719, -0.023657, -0.001445, 0.0, 0.02313, 0.960496, 0.277332, 0.37472, -0.005173, -0.277288, 0.960773, 0.0, 0.0, 0.0, 0.0, 1.0],
                [0.999719, -0.023657, -0.001445, 0.0, 0.02313, 0.960496, 0.277332, 0.37472, -0.005173, -0.277288, 0.960773, 0.0, 0.0, 0.0, 0.0, 1.0],
                [0.999719, -0.023657, -0.001445, 0.0, 0.02313, 0.960496, 0.277332, 0.37472, -0.005173, -0.277288, 0.960773, 0.0, 0.0, 0.0, 0.0, 1.0],
                [0.999719, -0.023657, -0.001445, 0.0, 0.02313, 0.960496, 0.277332, 0.37472, -0.005173, -0.277288, 0.960773, 0.0, 0.0, 0.0, 0.0, 1.0],
                [0.999719, -0.023657, -0.001445, 0.0, 0.02313, 0.960496, 0.277332, 0.37472, -0.005173, -0.277288, 0.960773, 0.0, 0.0, 0.0, 0.0, 1.0],
                [0.999719, -0.023657, -0.001445, 0.0, 0.02313, 0.960496, 0.277332, 0.37472, -0.005173, -0.277288, 0.960773, 0.0, 0.0, 0.0, 0.0, 1.0],
                [0.999719, -0.023657, -0.001445, 0.0, 0.02313, 0.960496, 0.277332, 0.37472, -0.005173, -0.277288, 0.960773, 0.0, 0.0, 0.0, 0.0, 1.0],
                [0.999719, -0.023657, -0.001445, 0.0, 0.02313, 0.960496, 0.277332, 0.37472, -0.005173, -0.277288, 0.960773, 0.0, 0.0, 0.0, 0.0, 1.0]
            ]
        },
        {
            "name": "Knee_R",
            "time": [0.0, 0.3333, 0.5, 0.6667, 0.7167, 0.8333, 1.0833, 1.3333, 1.4167, 1.5, 1.75, 1.8333, 1.9167, 2.0333, 2.1833, 2.2167, 2.3833, 2.5667, 2.8833],
            "transform": [
                [1.0, 0.0, -0.0, 0.0, -0.0, 0.0, -1.0, 0.37472, -0.0, 1.0, 0.0, 0.0, 0.0, 0.0, 0.0, 1.0],
                [1.0, 0.0, -0.0, 0.0, -0.0, 0.0, -1.0, 0.37472, -0.0, 1.0, 0.0, 0.0, 0.0, 0.0, 0.0, 1.0],
                [1.0, 0.0, -0.0, 0.0, -0.0, 0.0, -1.0, 0.37472, -0.0, 1.0, 0.0, 0.0, 0.0, 0.0, 0.0, 1.0],
                [1.0, 0.0, -0.0, 0.0, -0.0, 0.0, -1.0, 0.37472, -0.0, 1.0, 0.0, 0.0, 0.0, 0.0, 0.0, 1.0],
                [1.0, 0.0, -0.0, 0.0, -0.0, 0.0, -1.0, 0.37472, -0.0, 1.0, 0.0, 0.0, 0.0, 0.0, 0.0, 1.0],
                [1.0, 0.0, -0.0, 0.0, -0.0, 0.0, -1.0, 0.37472, -0.0, 1.0, 0.0, 0.0, 0.0, 0.0, 0.0, 1.0],
                [1.0, 0.0, -0.0, 0.0, -0.0, 0.0, -1.0, 0.37472, -0.0, 1.0, 0.0, 0.0, 0.0, 0.0, 0.0, 1.0],
                [1.0, 0.0, -0.0, 0.0, -0.0, 0.0, -1.0, 0.37472, -0.0, 1.0, 0.0, 0.0, 0.0, 0.0, 0.0, 1.0],
                [1.0, 0.0, -0.0, 0.0, -0.0, 0.0, -1.0, 0.37472, -0.0, 1.0, 0.0, 0.0, 0.0, 0.0, 0.0, 1.0],
                [1.0, 0.0, -0.0, 0.0, -0.0, 0.0, -1.0, 0.37472, -0.0, 1.0, 0.0, 0.0, 0.0, 0.0, 0.0, 1.0],
                [1.0, 0.0, -0.0, 0.0, -0.0, 0.0, -1.0, 0.37472, -0.0, 1.0, 0.0, 0.0, 0.0, 0.0, 0.0, 1.0],
                [1.0, 0.0, -0.0, 0.0, -0.0, 0.0, -1.0, 0.37472, -0.0, 1.0, 0.0, 0.0, 0.0, 0.0, 0.0, 1.0],
                [1.0, 0.0, -0.0, 0.0, -0.0, 0.0, -1.0, 0.37472, -0.0, 1.0, 0.0, 0.0, 0.0, 0.0, 0.0, 1.0],
                [1.0, 0.0, -0.0, 0.0, -0.0, 0.0, -1.0, 0.37472, -0.0, 1.0, 0.0, 0.0, 0.0, 0.0, 0.0, 1.0],
                [1.0, 0.0, -0.0, 0.0, -0.0, 0.0, -1.0, 0.37472, -0.0, 1.0, 0.0, 0.0, 0.0, 0.0, 0.0, 1.0],
                [1.0, 0.0, -0.0, 0.0, -0.0, 0.0, -1.0, 0.37472, -0.0, 1.0, 0.0, 0.0, 0.0, 0.0, 0.0, 1.0],
                [1.0, 0.0, -0.0, 0.0, -0.0, 0.0, -1.0, 0.37472, -0.0, 1.0, 0.0, 0.0, 0.0, 0.0, 0.0, 1.0],
                [1.0, 0.0, -0.0, 0.0, -0.0, 0.0, -1.0, 0.37472, -0.0, 1.0, 0.0, 0.0, 0.0, 0.0, 0.0, 1.0],
                [1.0, 0.0, -0.0, 0.0, -0.0, 0.0, -1.0, 0.37472, -0.0, 1.0, 0.0, 0.0, 0.0, 0.0, 0.0, 1.0]
            ]
        },
        {
            "name": "Thigh_L",
            "time": [0.0, 0.3333, 0.5, 0.6667, 0.7167, 0.8333, 1.0833, 1.3333, 1.4167, 1.5, 1.75, 1.8333, 1.9167, 2.0333, 2.1833, 2.2167, 2.3833, 2.5667, 2.8833],
            "transform": [
                [0.934216, -0.329256, -0.13723, -0.111913, -0.274078, -0.908787, 0.314622, 0.011521, -0.228304, -0.256313, -0.939245, 0.037562, 0.0, 0.0, 0.0, 1.0],
                [0.934216, -0.329256, -0.13723, -0.111913, -0.274078, -0.908787, 0.314622, 0.011521, -0.228304, -0.256313, -0.939245, 0.037562, 0.0, 0.0, 0.0, 1.0],
                [0.934216, -0.329256, -0.13723, -0.111913, -0.274078, -0.908787, 0.314622, 0.011521, -0.228304, -0.256313, -0.939245, 0.037562, 0.0, 0.0, 0.0, 1.0],
                [0.934216, -0.329256, -0.13723, -0.111913, -0.274078, -0.908787, 0.314622, 0.011521, -0.228304, -0.256313, -0.939245, 0.037562, 0.0, 0.0, 0.0, 1.0],
                [0.934216, -0.329256, -0.13723, -0.111913, -0.274078, -0.908787, 0.314622, 0.011521, -0.228304, -0.256313, -0.939245, 0.037562, 0.0, 0.0, 0.0, 1.0],
                [0.934216, -0.329256, -0.13723, -0.111913, -0.274078, -0.908787, 0.314622, 0.011521, -0.228304, -0.256313, -0.939245, 0.037562, 0.0, 0.0, 0.0, 1.0],
                [0.934216, -0.329256, -0.13723, -0.111913, -0.274078, -0.908787, 0.314622, 0.011521, -0.228304, -0.256313, -0.939245, 0.037562, 0.0, 0.0, 0.0, 1.0],
                [0.934216, -0.329256, -0.13723, -0.111913, -0.274078, -0.908787, 0.314622, 0.011521, -0.228304, -0.256313, -0.939245, 0.037562, 0.0, 0.0, 0.0, 1.0],
                [0.934216, -0.329256, -0.13723, -0.111913, -0.274078, -0.908787, 0.314622, 0.011521, -0.228304, -0.256313, -0.939245, 0.037562, 0.0, 0.0, 0.0, 1.0],
                [0.934216, -0.329256, -0.13723, -0.111913, -0.274078, -0.908787, 0.314622, 0.011521, -0.228304, -0.256313, -0.939245, 0.037562, 0.0, 0.0, 0.0, 1.0],
                [0.934216, -0.329256, -0.13723, -0.111913, -0.274078, -0.908787, 0.314622, 0.011521, -0.228304, -0.256313, -0.939245, 0.037562, 0.0, 0.0, 0.0, 1.0],
                [0.934216, -0.329256, -0.13723, -0.111913, -0.274078, -0.908787, 0.314622, 0.011521, -0.228304, -0.256313, -0.939245, 0.037562, 0.0, 0.0, 0.0, 1.0],
                [0.934216, -0.329256, -0.13723, -0.111913, -0.274078, -0.908787, 0.314622, 0.011521, -0.228304, -0.256313, -0.939245, 0.037562, 0.0, 0.0, 0.0, 1.0],
                [0.934216, -0.329256, -0.13723, -0.111913, -0.274078, -0.908787, 0.314622, 0.011521, -0.228304, -0.256313, -0.939245, 0.037562, 0.0, 0.0, 0.0, 1.0],
                [0.934216, -0.329256, -0.13723, -0.111913, -0.274078, -0.908787, 0.314622, 0.011521, -0.228304, -0.256313, -0.939245, 0.037562, 0.0, 0.0, 0.0, 1.0],
                [0.934216, -0.329256, -0.13723, -0.111913, -0.274078, -0.908787, 0.314622, 0.011521, -0.228304, -0.256313, -0.939245, 0.037562, 0.0, 0.0, 0.0, 1.0],
                [0.934216, -0.329256, -0.13723, -0.111913, -0.274078, -0.908787, 0.314622, 0.011521, -0.228304, -0.256313, -0.939245, 0.037562, 0.0, 0.0, 0.0, 1.0],
                [0.934216, -0.329256, -0.13723, -0.111913, -0.274078, -0.908787, 0.314622, 0.011521, -0.228304, -0.256313, -0.939245, 0.037562, 0.0, 0.0, 0.0, 1.0],
                [0.934216, -0.329256, -0.13723, -0.111913, -0.274078, -0.908787, 0.314622, 0.011521, -0.228304, -0.256313, -0.939245, 0.037562, 0.0, 0.0, 0.0, 1.0]
            ]
        },
        {
            "name": "Leg_L",
            "time": [0.0, 0.3333, 0.5, 0.6667, 0.7167, 0.8333, 1.0833, 1.3333, 1.4167, 1.5, 1.75, 1.8333, 1.9167, 2.0333, 2.1833, 2.2167, 2.3833, 2.5667, 2.8833],
            "transform": [
                [0.998492, 0.042159, 0.035168, 0.0, -0.051013, 0.949218, 0.310456, 0.37472, -0.020294, -0.311782, 0.949937, 0.0, 0.0, 0.0, 0.0, 1.0],
                [0.998492, 0.042159, 0.035168, 0.0, -0.051013, 0.949218, 0.310456, 0.37472, -0.020294, -0.311782, 0.949937, 0.0, 0.0, 0.0, 0.0, 1.0],
                [0.998492, 0.042159, 0.035168, 0.0, -0.051013, 0.949218, 0.310456, 0.37472, -0.020294, -0.311782, 0.949937, 0.0, 0.0, 0.0, 0.0, 1.0],
                [0.998492, 0.042159, 0.035168, 0.0, -0.051013, 0.949218, 0.310456, 0.37472, -0.020294, -0.311782, 0.949937, 0.0, 0.0, 0.0, 0.0, 1.0],
                [0.998492, 0.042159, 0.035168, 0.0, -0.051013, 0.949218, 0.310456, 0.37472, -0.020294, -0.311782, 0.949937, 0.0, 0.0, 0.0, 0.0, 1.0],
                [0.998492, 0.042159, 0.035168, 0.0, -0.051013, 0.949218, 0.310456, 0.37472, -0.020294, -0.311782, 0.949937, 0.0, 0.0, 0.0, 0.0, 1.0],
                [0.998492, 0.042159, 0.035168, 0.0, -0.051013, 0.949218, 0.310456, 0.37472, -0.020294, -0.311782, 0.949937, 0.0, 0.0, 0.0, 0.0, 1.0],
                [0.998492, 0.042159, 0.035168, 0.0, -0.051013, 0.949218, 0.310456, 0.37472, -0.020294, -0.311782, 0.949937, 0.0, 0.0, 0.0, 0.0, 1.0],
                [0.998492, 0.042159, 0.035168, 0.0, -0.051013, 0.949218, 0.310456, 0.37472, -0.020294, -0.311782, 0.949937, 0.0, 0.0, 0.0, 0.0, 1.0],
                [0.998492, 0.042159, 0.035168, 0.0, -0.051013, 0.949218, 0.310456, 0.37472, -0.020294, -0.311782, 0.949937, 0.0, 0.0, 0.0, 0.0, 1.0],
                [0.998492, 0.042159, 0.035168, 0.0, -0.051013, 0.949218, 0.310456, 0.37472, -0.020294, -0.311782, 0.949937, 0.0, 0.0, 0.0, 0.0, 1.0],
                [0.998492, 0.042159, 0.035168, 0.0, -0.051013, 0.949218, 0.310456, 0.37472, -0.020294, -0.311782, 0.949937, 0.0, 0.0, 0.0, 0.0, 1.0],
                [0.998492, 0.042159, 0.035168, 0.0, -0.051013, 0.949218, 0.310456, 0.37472, -0.020294, -0.311782, 0.949937, 0.0, 0.0, 0.0, 0.0, 1.0],
                [0.998492, 0.042159, 0.035168, 0.0, -0.051013, 0.949218, 0.310456, 0.37472, -0.020294, -0.311782, 0.949937, 0.0, 0.0, 0.0, 0.0, 1.0],
                [0.998492, 0.042159, 0.035168, 0.0, -0.051013, 0.949218, 0.310456, 0.37472, -0.020294, -0.311782, 0.949937, 0.0, 0.0, 0.0, 0.0, 1.0],
                [0.998492, 0.042159, 0.035168, 0.0, -0.051013, 0.949218, 0.310456, 0.37472, -0.020294, -0.311782, 0.949937, 0.0, 0.0, 0.0, 0.0, 1.0],
                [0.998492, 0.042159, 0.035168, 0.0, -0.051013, 0.949218, 0.310456, 0.37472, -0.020294, -0.311782, 0.949937, 0.0, 0.0, 0.0, 0.0, 1.0],
                [0.998492, 0.042159, 0.035168, 0.0, -0.051013, 0.949218, 0.310456, 0.37472, -0.020294, -0.311782, 0.949937, 0.0, 0.0, 0.0, 0.0, 1.0],
                [0.998492, 0.042159, 0.035168, 0.0, -0.051013, 0.949218, 0.310456, 0.37472, -0.020294, -0.311782, 0.949937, 0.0, 0.0, 0.0, 0.0, 1.0]
            ]
        },
        {
            "name": "Knee_L",
            "time": [0.0, 0.3333, 0.5, 0.6667, 0.7167, 0.8333, 1.0833, 1.3333, 1.4167, 1.5, 1.75, 1.8333, 1.9167, 2.0333, 2.1833, 2.2167, 2.3833, 2.5667, 2.8833],
            "transform": [
                [1.0, 0.0, -0.0, 0.0, -0.0, 0.0, -1.0, 0.37472, -0.0, 1.0, 0.0, 0.0, 0.0, 0.0, 0.0, 1.0],
                [1.0, 0.0, -0.0, 0.0, -0.0, 0.0, -1.0, 0.37472, -0.0, 1.0, 0.0, 0.0, 0.0, 0.0, 0.0, 1.0],
                [1.0, 0.0, -0.0, 0.0, -0.0, 0.0, -1.0, 0.37472, -0.0, 1.0, 0.0, 0.0, 0.0, 0.0, 0.0, 1.0],
                [1.0, 0.0, -0.0, 0.0, -0.0, 0.0, -1.0, 0.37472, -0.0, 1.0, 0.0, 0.0, 0.0, 0.0, 0.0, 1.0],
                [1.0, 0.0, -0.0, 0.0, -0.0, 0.0, -1.0, 0.37472, -0.0, 1.0, 0.0, 0.0, 0.0, 0.0, 0.0, 1.0],
                [1.0, 0.0, -0.0, 0.0, -0.0, 0.0, -1.0, 0.37472, -0.0, 1.0, 0.0, 0.0, 0.0, 0.0, 0.0, 1.0],
                [1.0, 0.0, -0.0, 0.0, -0.0, 0.0, -1.0, 0.37472, -0.0, 1.0, 0.0, 0.0, 0.0, 0.0, 0.0, 1.0],
                [1.0, 0.0, -0.0, 0.0, -0.0, 0.0, -1.0, 0.37472, -0.0, 1.0, 0.0, 0.0, 0.0, 0.0, 0.0, 1.0],
                [1.0, 0.0, -0.0, 0.0, -0.0, 0.0, -1.0, 0.37472, -0.0, 1.0, 0.0, 0.0, 0.0, 0.0, 0.0, 1.0],
                [1.0, 0.0, -0.0, 0.0, -0.0, 0.0, -1.0, 0.37472, -0.0, 1.0, 0.0, 0.0, 0.0, 0.0, 0.0, 1.0],
                [1.0, 0.0, -0.0, 0.0, -0.0, 0.0, -1.0, 0.37472, -0.0, 1.0, 0.0, 0.0, 0.0, 0.0, 0.0, 1.0],
                [1.0, 0.0, -0.0, 0.0, -0.0, 0.0, -1.0, 0.37472, -0.0, 1.0, 0.0, 0.0, 0.0, 0.0, 0.0, 1.0],
                [1.0, 0.0, -0.0, 0.0, -0.0, 0.0, -1.0, 0.37472, -0.0, 1.0, 0.0, 0.0, 0.0, 0.0, 0.0, 1.0],
                [1.0, 0.0, -0.0, 0.0, -0.0, 0.0, -1.0, 0.37472, -0.0, 1.0, 0.0, 0.0, 0.0, 0.0, 0.0, 1.0],
                [1.0, 0.0, -0.0, 0.0, -0.0, 0.0, -1.0, 0.37472, -0.0, 1.0, 0.0, 0.0, 0.0, 0.0, 0.0, 1.0],
                [1.0, 0.0, -0.0, 0.0, -0.0, 0.0, -1.0, 0.37472, -0.0, 1.0, 0.0, 0.0, 0.0, 0.0, 0.0, 1.0],
                [1.0, 0.0, -0.0, 0.0, -0.0, 0.0, -1.0, 0.37472, -0.0, 1.0, 0.0, 0.0, 0.0, 0.0, 0.0, 1.0],
                [1.0, 0.0, -0.0, 0.0, -0.0, 0.0, -1.0, 0.37472, -0.0, 1.0, 0.0, 0.0, 0.0, 0.0, 0.0, 1.0],
                [1.0, 0.0, -0.0, 0.0, -0.0, 0.0, -1.0, 0.37472, -0.0, 1.0, 0.0, 0.0, 0.0, 0.0, 0.0, 1.0]
            ]
        },
        {
            "name": "Torso",
            "time": [0.0, 0.3333, 0.5, 0.6667, 0.7167, 0.8333, 1.0833, 1.3333, 1.4167, 1.5, 1.75, 1.8333, 1.9167, 2.0333, 2.1833, 2.2167, 2.3833, 2.5667, 2.8833],
            "transform": [
                [1.0, 0.0, 0.0, -0.0, 0.0, 1.0, 0.0, 0.05, 0.0, 0.0, 1.0, -0.0, 0.0, 0.0, 0.0, 1.0],
                [1.0, -0.0, 0.0, -0.0, 0.0, 0.999823, -0.018827, 0.05, 0.0, 0.018827, 0.999823, -0.0, 0.0, 0.0, 0.0, 1.0],
                [1.0, -0.0, 0.0, -0.0, 0.0, 0.998196, -0.060031, 0.05, 0.0, 0.060031, 0.998197, -0.0, 0.0, 0.0, 0.0, 1.0],
                [1.0, -0.0, 0.0, -0.0, 0.0, 0.996202, -0.087067, 0.05, 0.0, 0.087067, 0.996202, -0.0, 0.0, 0.0, 0.0, 1.0],
                [1.0, -0.0, 0.0, -0.0, 0.0, 0.996202, -0.087067, 0.05, 0.0, 0.087067, 0.996202, -0.0, 0.0, 0.0, 0.0, 1.0],
                [1.0, -0.0, 0.0, -0.0, 0.0, 0.996202, -0.087067, 0.05, 0.0, 0.087067, 0.996202, -0.0, 0.0, 0.0, 0.0, 1.0],
                [1.0, -0.0, 0.0, -0.0, 0.0, 0.996202, -0.087067, 0.05, 0.0, 0.087067, 0.996202, -0.0, 0.0, 0.0, 0.0, 1.0],
                [1.0, -0.0, 0.0, -0.0, 0.0, 0.996202, -0.087067, 0.05, 0.0, 0.087067, 0.996202, -0.0, 0.0, 0.0, 0.0, 1.0],
                [1.0, -0.0, 0.0, -0.0, 0.0, 0.996202, -0.087067, 0.05, 0.0, 0.087067, 0.996202, -0.0, 0.0, 0.0, 0.0, 1.0],
                [1.0, -0.0, 0.0, -0.0, 0.0, 0.996202, -0.087067, 0.05, 0.0, 0.087067, 0.996202, -0.0, 0.0, 0.0, 0.0, 1.0],
                [1.0, -0.0, 0.0, -0.0, 0.0, 0.996202, -0.087067, 0.05, 0.0, 0.087067, 0.996202, -0.0, 0.0, 0.0, 0.0, 1.0],
                [1.0, -0.0, 0.0, -0.0, 0.0, 0.996202, -0.087067, 0.05, 0.0, 0.087067, 0.996202, -0.0, 0.0, 0.0, 0.0, 1.0],
                [1.0, -0.0, 0.0, -0.0, 0.0, 0.996202, -0.087067, 0.05, 0.0, 0.087067, 0.996202, -0.0, 0.0, 0.0, 0.0, 1.0],
                [1.0, -0.0, 0.0, -0.0, 0.0, 0.996202, -0.087067, 0.05, 0.0, 0.087067, 0.996202, -0.0, 0.0, 0.0, 0.0, 1.0],
                [1.0, -0.0, 0.0, -0.0, 0.0, 0.996202, -0.087067, 0.05, 0.0, 0.087067, 0.996202, -0.0, 0.0, 0.0, 0.0, 1.0],
                [1.0, -0.0, 0.0, -0.0, 0.0, 0.996202, -0.087067, 0.05, 0.0, 0.087067, 0.996202, -0.0, 0.0, 0.0, 0.0, 1.0],
                [1.0, -0.0, 0.0, -0.0, 0.0, 0.996202, -0.087067, 0.05, 0.0, 0.087067, 0.996202, -0.0, 0.0, 0.0, 0.0, 1.0],
                [1.0, -0.0, 0.0, -0.0, 0.0, 0.996202, -0.087067, 0.05, 0.0, 0.087067, 0.996202, -0.0, 0.0, 0.0, 0.0, 1.0],
                [1.0, -0.0, 0.0, -0.0, 0.0, 0.996202, -0.087067, 0.05, 0.0, 0.087067, 0.996202, -0.0, 0.0, 0.0, 0.0, 1.0]
            ]
        },
        {
            "name": "Chest",
            "time": [0.0, 0.3, 0.3333, 0.5, 0.6667, 0.7167, 0.8333, 1.0833, 1.3333, 1.4167, 1.5, 1.75, 1.8333, 1.9167, 2.0333, 2.1833, 2.2167, 2.3833, 2.5667, 2.8833],
            "transform": [
                [1.0, 0.0, 0.0, -0.0, 0.0, 1.0, 0.0, 0.3, 0.0, 0.0, 1.0, -0.0, 0.0, 0.0, 0.0, 1.0],
                [0.996398, 0.0, 0.084802, 0.0, -0.002968, 0.999387, 0.034876, 0.3, -0.08475, -0.035002, 0.995787, 0.0, 0.0, 0.0, 0.0, 1.0],
                [0.996467, 6e-05, 0.08398, -0.0, -0.002879, 0.999436, 0.033444, 0.3, -0.08393, -0.033568, 0.995906, -0.0, 0.0, 0.0, 0.0, 1.0],
                [0.999481, 0.001467, 0.032192, -0.0, 0.000339, 0.99843, -0.056011, 0.3, -0.032224, 0.055993, 0.997911, -0.0, 0.0, 0.0, 0.0, 1.0],
                [1.0, -0.0, 0.0, -0.0, -0.0, 0.993775, -0.111405, 0.3, 0.0, 0.111405, 0.993775, -0.0, 0.0, 0.0, 0.0, 1.0],
                [1.0, -0.0, -0.0, -0.0, -0.0, 0.998589, 0.053106, 0.3, 0.0, -0.053106, 0.998589, -0.0, 0.0, 0.0, 0.0, 1.0],
                [1.0, 0.0, -0.0, -0.0, -0.0, 0.995622, 0.093469, 0.3, 0.0, -0.093469, 0.995622, -0.0, 0.0, 0.0, 0.0, 1.0],
                [1.0, -0.0, -0.0, -0.0, -0.0, 1.0, -0.0, 0.3, 0.0, -0.0, 1.0, -0.0, 0.0, 0.0, 0.0, 1.0],
                [1.0, -0.0, -0.0, -0.0, -0.0, 1.0, -0.0, 0.3, 0.0, -0.0, 1.0, -0.0, 0.0, 0.0, 0.0, 1.0],
                [1.0, -0.0, -0.0, -0.0, -0.0, 1.0, -0.0, 0.3, 0.0, -0.0, 1.0, -0.0, 0.0, 0.0, 0.0, 1.0],
                [1.0, -0.0, -0.0, -0.0, -0.0, 1.0, -0.0, 0.3, 0.0, -0.0, 1.0, -0.0, 0.0, 0.0, 0.0, 1.0],
                [1.0, 0.0, -0.0, -0.0, -0.0, 0.998905, 0.046786, 0.3, 0.0, -0.046786, 0.998905, -0.0, 0.0, 0.0, 0.0, 1.0],
                [1.0, 0.0, -0.0, -0.0, -0.0, 0.995622, 0.093469, 0.3, 0.0, -0.093469, 0.995622, -0.0, 0.0, 0.0, 0.0, 1.0],
                [1.0, -0.0, -0.0, -0.0, -0.0, 0.999999, -0.001493, 0.3, 0.0, 0.001493, 0.999999, -0.0, 0.0, 0.0, 0.0, 1.0],
                [1.0, -0.0, -0.0, -0.0, -0.0, 0.994676, -0.103052, 0.3, 0.0, 0.103052, 0.994676, -0.0, 0.0, 0.0, 0.0, 1.0],
                [1.0, -0.0, 0.0, -0.0, -0.0, 0.993775, -0.111405, 0.3, 0.0, 0.111405, 0.993775, -0.0, 0.0, 0.0, 0.0, 1.0],
                [1.0, 0.0, -0.0, -0.0, -0.0, 0.997872, 0.065208, 0.3, 0.0, -0.065208, 0.997872, -0.0, 0.0, 0.0, 0.0, 1.0],
                [1.0, 0.0, 0.0, -0.0, -0.0, 0.995947, 0.089942, 0.3, 0.0, -0.089942, 0.995947, -0.0, 0.0, 0.0, 0.0, 1.0],
                [1.0, 0.0, -0.0, -0.0, -0.0, 0.995665, 0.093009, 0.3, 0.0, -0.093009, 0.995665, -0.0, 0.0, 0.0, 0.0, 1.0],
                [1.0, 0.0, -0.0, -0.0, -0.0, 0.995664, 0.093028, 0.3, 0.0, -0.093028, 0.995664, -0.0, 0.0, 0.0, 0.0, 1.0]
            ]
        },
        {
            "name": "Head",
            "time": [0.0, 0.3333, 0.5, 0.6667, 0.7167, 0.8333, 1.0833, 1.3333, 1.4167, 1.5, 1.75, 1.8333, 1.9167, 2.0333, 2.1833, 2.2167, 2.3833, 2.5667, 2.8833],
            "transform": [
                [0.96076, 0.0, 0.277382, -0.0, 0.0, 1.0, 0.0, 0.4, -0.277382, 0.0, 0.96076, -0.0, 0.0, 0.0, 0.0, 1.0],
                [0.96076, 0.0, 0.277382, 0.0, 0.0, 1.0, -0.0, 0.4, -0.277382, 0.0, 0.96076, 0.0, 0.0, 0.0, 0.0, 1.0],
                [0.959881, -0.024954, 0.279297, -0.0, 0.00154, 0.996486, 0.083739, 0.4, -0.280405, -0.079949, 0.956547, 0.0, 0.0, 0.0, 0.0, 1.0],
                [0.95662, -0.067882, 0.283322, -0.0, 0.008507, 0.978571, 0.205735, 0.4, -0.291216, -0.1944, 0.936697, 0.0, 0.0, 0.0, 0.0, 1.0],
                [0.96076, 0.0, 0.277382, -0.0, 0.0, 1.0, -0.0, 0.4, -0.277382, 0.0, 0.96076, 0.0, 0.0, 0.0, 0.0, 1.0],
                [0.96076, 0.0, 0.277382, 0.0, -0.0, 1.0, 0.0, 0.4, -0.277382, -0.0, 0.96076, 0.0, 0.0, 0.0, 0.0, 1.0],
                [0.96008, -0.025818, 0.278532, -0.0, 0.004073, 0.996916, 0.078365, 0.4, -0.279697, -0.074102, 0.957224, 0.0, 0.0, 0.0, 0.0, 1.0],
                [0.960157, -0.023086, 0.278506, -0.0, 0.003652, 0.997534, 0.070097, 0.4, -0.279438, -0.066287, 0.957873, 0.0, 0.0, 0.0, 0.0, 1.0],
                [0.959926, -0.031138, 0.278517, -0.0, 0.004888, 0.995517, 0.094452, 0.4, -0.28021, -0.089306, 0.955776, 0.0, 0.0, 0.0, 0.0, 1.0],
                [0.960015, -0.028102, 0.278536, -0.0, 0.004424, 0.996347, 0.085276, 0.4, -0.279915, -0.080634, 0.956632, 0.0, 0.0, 0.0, 0.0, 1.0],
                [0.960705, -0.004706, 0.277531, 0.0, 0.000771, 0.999898, 0.014287, 0.4, -0.27757, -0.013512, 0.96061, -0.0, 0.0, 0.0, 0.0, 1.0],
                [0.96076, 0.0, 0.277382, 0.0, -0.0, 1.0, 0.0, 0.4, -0.277382, -0.0, 0.96076, 0.0, 0.0, 0.0, 0.0, 1.0],
                [0.96076, 0.0, 0.277382, 0.0, -0.0, 1.0, -0.0, 0.4, -0.277382, 0.0, 0.96076, -0.0, 0.0, 0.0, 0.0, 1.0],
                [0.957316, -0.059402, 0.282874, 0.0, 0.007747, 0.983576, 0.180328, 0.4, -0.28894, -0.170439, 0.942053, 0.0, 0.0, 0.0, 0.0, 1.0],
                [0.957171, -0.059455, 0.283354, -0.0, 0.007621, 0.983523, 0.180624, 0.4, -0.289425, -0.170729, 0.941852, 0.0, 0.0, 0.0, 0.0, 1.0],
                [0.96076, 0.0, 0.277382, 0.0, -0.0, 1.0, 0.0, 0.4, -0.277382, -0.0, 0.96076, -0.0, 0.0, 0.0, 0.0, 1.0],
                [0.96076, -0.0, 0.277382, 0.0, -0.0, 1.0, 0.0, 0.4, -0.277382, -0.0, 0.96076, 0.0, 0.0, 0.0, 0.0, 1.0],
                [0.96076, 0.0, 0.277382, 0.0, 0.0, 1.0, 0.0, 0.4, -0.277382, -0.0, 0.96076, -0.0, 0.0, 0.0, 0.0, 1.0],
                [0.96076, -0.0, 0.277382, -0.0, 0.0, 1.0, -0.0, 0.4, -0.277382, -0.0, 0.96076, -0.0, 0.0, 0.0, 0.0, 1.0]
            ]
        },
        {
            "name": "Shoulder_R",
            "time": [0.0, 0.3333, 0.5, 0.6667, 0.7167, 0.8333, 1.0833, 1.3333, 1.4167, 1.5, 1.75, 1.8333, 1.9167, 2.0333, 2.1833, 2.2167, 2.3833, 2.5667, 2.8833],
            "transform": [
                [0.0, 0.952114, 0.305743, -0.0, 0.0, -0.305743, 0.952114, 0.4, 1.0, 0.0, -0.0, -0.0, 0.0, 0.0, 0.0, 1.0],
                [-0.029546, 0.960445, 0.276896, 0.0, -0.13759, -0.278288, 0.950592, 0.4, 0.990048, -0.010012, 0.14037, 0.0, 0.0, 0.0, 0.0, 1.0],
                [-0.08241, 0.978402, 0.189571, -0.0, -0.463316, -0.206024, 0.861912, 0.4, 0.882353, -0.016801, 0.470288, 0.0, 0.0, 0.0, 0.0, 1.0],
                [-0.099534, 0.987684, 0.12072, -0.0, -0.659186, -0.156332, 0.73555, 0.4, 0.745364, -0.006364, 0.666628, 0.0, 0.0, 0.0, 0.0, 1.0],
                [-0.099534, 0.987684, 0.12072, -0.0, -0.659186, -0.156332, 0.73555, 0.4, 0.745364, -0.006364, 0.666628, 0.0, 0.0, 0.0, 0.0, 1.0],
                [-0.099534, 0.987684, 0.12072, 0.0, -0.659186, -0.156332, 0.73555, 0.4, 0.745364, -0.006364, 0.666628, 0.0, 0.0, 0.0, 0.0, 1.0],
                [-0.099534, 0.987684, 0.12072, -0.0, -0.659186, -0.156332, 0.73555, 0.4, 0.745364, -0.006364, 0.666628, 0.0, 0.0, 0.0, 0.0, 1.0],
                [-0.099534, 0.987684, 0.12072, -0.0, -0.659186, -0.156332, 0.73555, 0.4, 0.745364, -0.006364, 0.666628, 0.0, 0.0, 0.0, 0.0, 1.0],
                [-0.099534, 0.987684, 0.12072, -0.0, -0.659186, -0.156332, 0.73555, 0.4, 0.745364, -0.006364, 0.666628, 0.0, 0.0, 0.0, 0.0, 1.0],
                [-0.099534, 0.987684, 0.12072, -0.0, -0.659186, -0.156332, 0.73555, 0.4, 0.745364, -0.006364, 0.666628, 0.0, 0.0, 0.0, 0.0, 1.0],
                [-0.099534, 0.987684, 0.12072, 0.0, -0.659186, -0.156332, 0.73555, 0.4, 0.745364, -0.006364, 0.666627, -0.0, 0.0, 0.0, 0.0, 1.0],
                [-0.099534, 0.987684, 0.12072, 0.0, -0.659186, -0.156332, 0.73555, 0.4, 0.745364, -0.006364, 0.666628, 0.0, 0.0, 0.0, 0.0, 1.0],
                [-0.099534, 0.987684, 0.12072, 0.0, -0.659186, -0.156332, 0.73555, 0.4, 0.745364, -0.006364, 0.666628, -0.0, 0.0, 0.0, 0.0, 1.0],
                [-0.099534, 0.987684, 0.12072, 0.0, -0.659186, -0.156332, 0.73555, 0.4, 0.745364, -0.006364, 0.666628, 0.0, 0.0, 0.0, 0.0, 1.0],
                [-0.099534, 0.987684, 0.12072, -0.0, -0.659186, -0.156332, 0.73555, 0.4, 0.745364, -0.006364, 0.666628, 0.0, 0.0, 0.0, 0.0, 1.0],
                [-0.099534, 0.987684, 0.12072, 0.0, -0.659186, -0.156332, 0.73555, 0.4, 0.745364, -0.006364, 0.666628, -0.0, 0.0, 0.0, 0.0, 1.0],
                [-0.099534, 0.987684, 0.12072, 0.0, -0.659186, -0.156332, 0.73555, 0.4, 0.745364, -0.006364, 0.666628, 0.0, 0.0, 0.0, 0.0, 1.0],
                [-0.099534, 0.987684, 0.12072, 0.0, -0.659186, -0.156332, 0.73555, 0.4, 0.745364, -0.006364, 0.666628, -0.0, 0.0, 0.0, 0.0, 1.0],
                [-0.099534, 0.987684, 0.12072, -0.0, -0.659186, -0.156332, 0.73555, 0.4, 0.745364, -0.006364, 0.666627, -0.0, 0.0, 0.0, 0.0, 1.0]
            ]
        },
        {
            "name": "Arm_R",
            "time": [0.0, 0.3, 0.3333, 0.5, 0.6667, 0.7167, 0.8333, 1.0833, 1.3333, 1.4167, 1.5, 1.75, 1.8333, 1.9167, 2.0333, 2.1833, 2.2167, 2.3833, 2.5667, 2.8833],
            "transform": [
                [-0.008651, -0.001614, -0.999961, 0.0, 0.777792, 0.628474, -0.007743, 0.39386, 0.628462, -0.777829, -0.004181, 0.0, 0.0, 0.0, 0.0, 1.0],
                [0.03775, -0.767566, -0.639857, -0.0, 0.948388, 0.229271, -0.219079, 0.39386, 0.314859, -0.598563, 0.736605, 0.0, 0.0, 0.0, 0.0, 1.0],
                [0.048149, -0.870448, -0.489899, 0.0, 0.948325, 0.19384, -0.251208, 0.39386, 0.313626, -0.452488, 0.834801, -0.0, 0.0, 0.0, 0.0, 1.0],
                [0.078694, -0.967367, 0.240848, 0.0, 0.952262, 0.001458, -0.305279, 0.39386, 0.294966, 0.253374, 0.921301, -0.0, 0.0, 0.0, 0.0, 1.0],
                [0.08267, -0.876028, 0.475123, -0.0, 0.954424, -0.067595, -0.290699, 0.39386, 0.286776, 0.477501, 0.830514, -0.0, 0.0, 0.0, 0.0, 1.0],
                [-0.30442, -0.251636, -0.918699, -0.0, 0.920546, 0.17014, -0.351634, 0.393861, 0.244791, -0.95275, 0.179849, 0.0, 0.0, 0.0, 0.0, 1.0],
                [-0.340253, 0.180951, -0.922759, 0.0, 0.9293, 0.214595, -0.300584, 0.39386, 0.143629, -0.959795, -0.241174, -0.0, 0.0, 0.0, 0.0, 1.0],
                [-0.340253, 0.180951, -0.922759, -0.0, 0.9293, 0.214595, -0.300584, 0.393861, 0.143629, -0.959795, -0.241174, -0.0, 0.0, 0.0, 0.0, 1.0],
                [-0.340253, 0.180951, -0.922759, -0.0, 0.9293, 0.214595, -0.300584, 0.393861, 0.143629, -0.959795, -0.241174, -0.0, 0.0, 0.0, 0.0, 1.0],
                [-0.340253, 0.180951, -0.922759, -0.0, 0.9293, 0.214595, -0.300584, 0.393861, 0.143629, -0.959795, -0.241174, -0.0, 0.0, 0.0, 0.0, 1.0],
                [-0.340253, 0.180951, -0.922759, -0.0, 0.9293, 0.214595, -0.300584, 0.393861, 0.143629, -0.959795, -0.241174, -0.0, 0.0, 0.0, 0.0, 1.0],
                [-0.340254, 0.180951, -0.922759, -0.0, 0.9293, 0.214595, -0.300584, 0.393861, 0.143629, -0.959795, -0.241174, -0.0, 0.0, 0.0, 0.0, 1.0],
                [-0.340253, 0.180951, -0.922759, 0.0, 0.9293, 0.214595, -0.300584, 0.39386, 0.143629, -0.959795, -0.241174, -0.0, 0.0, 0.0, 0.0, 1.0],
                [-0.340253, 0.180951, -0.922759, 0.0, 0.9293, 0.214595, -0.300584, 0.393861, 0.143629, -0.959795, -0.241174, -0.0, 0.0, 0.0, 0.0, 1.0],
                [-0.014212, -0.999353, 0.033042, 0.0, 0.937075, -0.024841, -0.348243, 0.39386, 0.348838, 0.026014, 0.936822, 0.0, 0.0, 0.0, 0.0, 1.0],
                [0.08267, -0.876028, 0.475123, -0.0, 0.954424, -0.067595, -0.290699, 0.39386, 0.286776, 0.477501, 0.830514, -0.0, 0.0, 0.0, 0.0, 1.0],
                [-0.232953, 0.092958, -0.968035, 0.0, 0.919239, 0.345917, -0.187992, 0.39386, 0.317384, -0.933649, -0.166033, 0.0, 0.0, 0.0, 0.0, 1.0],
                [-0.192305, 0.570831, -0.79823, 0.0, 0.96404, 0.26193, -0.04494, 0.39386, 0.183427, -0.778167, -0.600675, 0.0, 0.0, 0.0, 0.0, 1.0],
                [-0.18033, 0.600426, -0.779083, 0.0, 0.971143, 0.234376, -0.044156, 0.393861, 0.156086, -0.764563, -0.625364, -0.0, 0.0, 0.0, 0.0, 1.0],
                [-0.179722, 0.60303, -0.77721, 0.0, 0.971405, 0.233402, -0.043533, 0.393861, 0.155151, -0.76281, -0.627734, 0.0, 0.0, 0.0, 0.0, 1.0]
            ]
        },
        {
            "name": "Hand_R",
            "time": [0.0, 0.3, 0.3333, 0.5, 0.6667, 0.7167, 0.8333, 1.0833, 1.3333, 1.4167, 1.5, 1.75, 1.8333, 1.9167, 2.0333, 2.1833, 2.2167, 2.3833, 2.5667, 2.8833],
            "transform": [
                [0.956999, -0.289506, -0.018412, 0.0, 0.289768, 0.95101, 0.107768, 0.3, -0.01369, -0.108469, 0.994006, 0.0, 0.0, 0.0, 0.0, 1.0],
                [0.996598, -0.07707, 0.029205, -0.0, 0.073238, 0.990653, 0.115083, 0.3, -0.037801, -0.112553, 0.992926, 0.0, 0.0, 0.0, 0.0, 1.0],
                [0.99668, -0.076059, 0.029064, 0.0, 0.072477, 0.991394, 0.109017, 0.3, -0.037105, -0.106548, 0.993615, 0.0, 0.0, 0.0, 0.0, 1.0],
                [0.999239, -0.034778, 0.017637, -0.0, 0.036991, 0.988505, -0.146594, 0.3, -0.012336, 0.147135, 0.98904, 0.0, 0.0, 0.0, 0.0, 1.0],
                [0.999996, -0.002944, -1.9e-05, -0.0, 0.002744, 0.934472, -0.356026, 0.3, 0.001066, 0.356025, 0.934476, -0.0, 0.0, 0.0, 0.0, 1.0],
                [0.993229, -0.115447, -0.012985, 0.0, 0.085622, 0.802979, -0.589824, 0.3, 0.078521, 0.584719, 0.807427, -0.0, 0.0, 0.0, 0.0, 1.0],
                [0.987308, 0.118243, 0.106027, 0.0, -0.03298, 0.805694, -0.591413, 0.3, -0.155356, 0.58041, 0.799368, -0.0, 0.0, 0.0, 0.0, 1.0],
                [0.985703, -0.166563, -0.025441, -0.0, 0.015081, 0.237598, -0.971247, 0.3, 0.167818, 0.956976, 0.236713, -0.0, 0.0, 0.0, 0.0, 1.0],
                [0.359954, -0.875703, 0.321834, -0.0, 0.379636, -0.177628, -0.907923, 0.3, 0.852238, 0.44899, 0.268511, -0.0, 0.0, 0.0, 0.0, 1.0],
                [0.412038, -0.88674, 0.209563, -0.0, -0.110134, -0.276776, -0.954602, 0.3, 0.904486, 0.370253, -0.211703, -0.0, 0.0, 0.0, 0.0, 1.0],
                [0.412038, -0.88674, 0.209563, -0.0, -0.110134, -0.276776, -0.954602, 0.3, 0.904486, 0.370253, -0.211703, -0.0, 0.0, 0.0, 0.0, 1.0],
                [0.837185, -0.546894, -0.005255, 0.0, 0.182887, 0.288992, -0.9397, 0.3, 0.515435, 0.785742, 0.34196, 0.0, 0.0, 0.0, 0.0, 1.0],
                [0.987308, 0.118243, 0.106027, 0.0, -0.03298, 0.805694, -0.591413, 0.3, -0.155356, 0.58041, 0.799368, -0.0, 0.0, 0.0, 0.0, 1.0],
                [0.96335, 0.266739, -0.028398, 0.0, -0.056279, 0.097467, -0.993646, 0.3, -0.262276, 0.958828, 0.108907, -0.0, 0.0, 0.0, 0.0, 1.0],
                [0.998085, 0.059972, 0.015177, 0.0, -0.031472, 0.703457, -0.710041, 0.3, -0.053259, 0.708203, 0.703997, -0.0, 0.0, 0.0, 0.0, 1.0],
                [0.999996, -0.002944, -1.9e-05, -0.0, 0.002744, 0.934472, -0.356026, 0.3, 0.001066, 0.356025, 0.934476, -0.0, 0.0, 0.0, 0.0, 1.0],
                [0.997224, 0.006378, 0.074185, 0.0, 0.002626, 0.992692, -0.12065, 0.3, -0.074412, 0.12051, 0.989919, 0.0, 0.0, 0.0, 0.0, 1.0],
                [0.996253, 0.006979, 0.086203, 0.0, 0.001689, 0.994978, -0.100077, 0.3, -0.086468, 0.099848, 0.991239, -0.0, 0.0, 0.0, 0.0, 1.0],
                [0.996176, 0.007014, 0.087087, -0.0, 0.00161, 0.99513, -0.098562, 0.3, -0.087354, 0.098325, 0.991313, 0.0, 0.0, 0.0, 0.0, 1.0],
                [0.996169, 0.007017, 0.087172, -0.0, 0.001602, 0.995144, -0.098417, 0.3, -0.087439, 0.098179, 0.99132, 0.0, 0.0, 0.0, 0.0, 1.0]
            ]
        },
        {
            "name": "Tool_R",
            "time": [0.0, 0.3333, 0.4333, 0.5, 0.6667, 0.7167, 0.8333, 1.0833, 1.3333, 1.4167, 1.5, 1.75, 1.8333, 1.9167, 2.0333, 2.1833, 2.2167, 2.3833, 2.5667, 2.8833],
            "transform": [
                [-0.998723, 0.050518, 0.000895, -0.219085, -0.020724, -0.393427, -0.919122, -0.20057, -0.04608, -0.917967, 0.393972, 0.343725, 0.0, 0.0, 0.0, 1.0],
                [-0.995253, -0.094639, -0.022657, -0.005896, 0.086436, -0.966674, 0.240976, 0.335323, -0.044708, 0.237874, 0.970267, 0.266449, 0.0, 0.0, 0.0, 1.0],
                [-0.996064, 0.028875, 0.083807, -0.006971, -0.088132, -0.423834, -0.901442, 0.152205, 0.009491, -0.905279, 0.424711, 0.073273, 0.0, 0.0, 0.0, 1.0],
                [0.983614, 0.179302, 0.018829, -0.008816, 0.086424, -0.377278, -0.922059, 0.060983, -0.158223, 0.908577, -0.386592, -0.076684, 0.0, 0.0, 0.0, 1.0],
                [0.924512, 0.2383, -0.297475, -0.06969, -0.011726, -0.762307, -0.64711, 0.083868, -0.380973, 0.601749, -0.701967, -0.153461, 0.0, 0.0, 0.0, 1.0],
                [0.873329, 0.302768, -0.381613, -0.121691, -0.32001, -0.234057, -0.918047, 0.019614, -0.367275, 0.923877, -0.10752, -0.040136, 0.0, 0.0, 0.0, 1.0],
                [0.931163, 0.265283, -0.250122, -0.087701, -0.243217, -0.059127, -0.968168, 0.005563, -0.271628, 0.962356, 0.009465, -0.017762, 0.0, 0.0, 0.0, 1.0],
                [0.807213, 0.149279, -0.571072, -0.16953, -0.584795, 0.333611, -0.739404, 0.062209, 0.080139, 0.930817, 0.356593, 0.056014, 0.0, 0.0, 0.0, 1.0],
                [0.807213, 0.149279, -0.571072, -0.16953, -0.584795, 0.333611, -0.739404, 0.062209, 0.080139, 0.930817, 0.356593, 0.056014, 0.0, 0.0, 0.0, 1.0],
                [0.807213, 0.149279, -0.571072, -0.16953, -0.584795, 0.333611, -0.739404, 0.062209, 0.080139, 0.930817, 0.356593, 0.056014, 0.0, 0.0, 0.0, 1.0],
